1.375e+08 -9.49271 2.848
1.38663e+08 -9.49175 3.003
1.39837e+08 -9.4494 -3.123
1.4102e+08 -9.44487 -2.963
1.42213e+08 -9.42501 -2.807
1.43417e+08 -9.41135 -2.648
1.4463e+08 -9.40448 -2.486
1.45854e+08 -9.4049 -2.327
1.47088e+08 -9.42103 -2.160
1.48333e+08 -9.40537 -1.995
1.49588e+08 -9.40174 -1.834
1.50854e+08 -9.38181 -1.664
1.5213e+08 -9.39663 -1.493
1.53417e+08 -9.37972 -1.328
1.54716e+08 -9.36162 -1.155
1.56025e+08 -9.35157 -0.978
1.57345e+08 -9.3531 -0.805
1.58676e+08 -9.34614 -0.636
1.60019e+08 -9.34225 -0.461
1.61373e+08 -9.31975 -0.274
1.62739e+08 -9.3294 -0.093
1.64116e+08 -9.32869 0.091
1.65504e+08 -9.32375 0.275
1.66905e+08 -9.30948 0.458
1.68317e+08 -9.31843 0.639
1.69741e+08 -9.30379 0.820
1.71178e+08 -9.29405 1.000
1.72626e+08 -9.30772 1.187
1.74087e+08 -9.29026 1.384
1.7556e+08 -9.31614 1.582
1.77045e+08 -9.29265 1.785
1.78543e+08 -9.39269 1.984
1.80054e+08 -9.35884 2.192
1.81578e+08 -9.358 2.393
1.83114e+08 -9.37331 2.596
1.84664e+08 -9.36954 2.802
1.86226e+08 -9.36462 3.008
1.87802e+08 -9.38316 -3.068
1.89391e+08 -9.38367 -2.865
1.90994e+08 -9.37482 -2.656
1.9261e+08 -9.35396 -2.436
1.9424e+08 -9.38273 -2.224
1.95883e+08 -9.3667 -2.009
1.97541e+08 -9.38169 -1.786
1.99212e+08 -9.37383 -1.566
2.00898e+08 -9.37377 -1.343
2.02598e+08 -9.38517 -1.120
2.04312e+08 -9.39861 -0.892
2.06041e+08 -9.41027 -0.663
2.07784e+08 -9.41195 -0.426
2.09543e+08 -9.4183 -0.202
2.11316e+08 -9.39774 0.033
2.13104e+08 -9.39601 0.268
2.14907e+08 -9.38758 0.514
2.16725e+08 -9.4148 0.750
2.18559e+08 -9.40349 0.993
2.20409e+08 -9.43306 1.244
2.22274e+08 -9.4162 1.486
2.24155e+08 -9.43346 1.733
2.26051e+08 -9.42747 1.989
2.27964e+08 -9.4446 2.237
2.29893e+08 -9.52096 2.493
2.31838e+08 -9.52743 2.752
2.338e+08 -9.51824 3.010
2.35778e+08 -9.52541 -3.010
2.37773e+08 -9.53707 -2.747
2.39785e+08 -9.52528 -2.476
2.41814e+08 -9.54072 -2.212
2.4386e+08 -9.54376 -1.937
2.45924e+08 -9.56033 -1.665
2.48005e+08 -9.55676 -1.390
2.50103e+08 -9.55777 -1.108
2.5222e+08 -9.56276 -0.823
2.54354e+08 -9.56503 -0.550
2.56506e+08 -9.58492 -0.265
2.58677e+08 -9.57836 0.033
2.60865e+08 -9.56591 0.324
2.63073e+08 -9.56 0.613
2.65299e+08 -9.57914 0.912
2.67544e+08 -9.58466 1.203
2.69808e+08 -9.58341 1.502
2.72091e+08 -9.59093 1.807
2.74393e+08 -9.58653 2.114
2.76715e+08 -9.58358 2.429
2.79056e+08 -9.58603 2.737
2.81418e+08 -9.57201 3.054
2.83799e+08 -9.59058 -2.925
2.862e+08 -9.58547 -2.604
2.88622e+08 -9.59866 -2.287
2.91064e+08 -9.6042 -1.962
2.93527e+08 -9.58597 -1.633
2.96011e+08 -9.60961 -1.306
2.98515e+08 -9.62225 -0.979
3.01041e+08 -9.63723 -0.632
3.03589e+08 -9.62671 -0.297
3.06158e+08 -9.64356 0.047
3.08748e+08 -9.63039 0.382
3.11361e+08 -9.64975 0.742
3.13995e+08 -9.64762 1.092
3.16652e+08 -9.64734 1.446
3.19332e+08 -9.64918 1.811
3.22034e+08 -9.66618 2.171
3.24759e+08 -9.65826 2.514
3.27507e+08 -9.67489 2.871
3.30278e+08 -9.66789 -3.046
3.33073e+08 -9.66272 -2.679
3.35891e+08 -9.64897 -2.293
3.38733e+08 -9.65911 -1.905
3.41599e+08 -9.65326 -1.508
3.4449e+08 -9.66166 -1.118
3.47405e+08 -9.61352 -0.721
3.50345e+08 -9.61666 -0.339
3.53309e+08 -9.58999 0.067
3.56299e+08 -9.62878 0.460
3.59313e+08 -9.61793 0.860
3.62354e+08 -9.58661 1.262
3.6542e+08 -9.55417 1.661
3.68512e+08 -9.5068 2.060
3.7163e+08 -9.49759 2.466
3.74775e+08 -9.459 2.893
3.77946e+08 -9.4558 -2.969
3.81144e+08 -9.39812 -2.548
3.84369e+08 -9.36921 -2.118
3.87622e+08 -9.33677 -1.689
3.90902e+08 -9.29688 -1.267
3.94209e+08 -9.26337 -0.823
3.97545e+08 -9.256 -0.381
4.00909e+08 -9.22993 0.075
4.04301e+08 -9.1975 0.515
4.07722e+08 -9.1978 0.961
4.11172e+08 -9.16918 1.413
4.14651e+08 -9.16393 1.884
4.1816e+08 -9.18482 2.330
4.21698e+08 -9.16689 2.794
4.25267e+08 -9.20131 -3.031
4.28865e+08 -9.19075 -2.553
4.32494e+08 -9.19029 -2.072
4.36154e+08 -9.22004 -1.582
4.39844e+08 -9.25605 -1.098
4.43566e+08 -9.29538 -0.610
4.47319e+08 -9.32983 -0.139
4.51104e+08 -9.34438 0.365
4.54922e+08 -9.40057 0.884
4.58771e+08 -9.51479 1.382
4.62653e+08 -9.55689 1.889
4.66568e+08 -9.59596 2.427
4.70516e+08 -9.62605 2.938
4.74497e+08 -9.67333 -2.818
4.78512e+08 -9.70172 -2.280
4.82561e+08 -9.74553 -1.741
4.86644e+08 -9.75726 -1.197
4.90762e+08 -9.76125 -0.621
4.94915e+08 -9.79389 -0.065
4.99103e+08 -9.82237 0.495
5.03326e+08 -9.79674 1.038
5.07585e+08 -9.78465 1.575
5.1188e+08 -9.7939 2.139
5.16211e+08 -9.7703 2.709
5.20579e+08 -9.74317 -2.984
5.24984e+08 -9.71894 -2.387
5.29426e+08 -9.69769 -1.801
5.33906e+08 -9.64461 -1.201
5.38424e+08 -9.62957 -0.595
5.4298e+08 -9.57977 0.020
5.47574e+08 -9.56994 0.617
5.52208e+08 -9.55297 1.258
5.5688e+08 -9.52034 1.875
5.61593e+08 -9.5084 2.484
5.66345e+08 -9.50372 3.117
5.71137e+08 -9.52737 -2.532
5.7597e+08 -9.52137 -1.902
5.80843e+08 -9.54774 -1.236
5.85758e+08 -9.5782 -0.585
5.90715e+08 -9.61769 0.062
5.95713e+08 -9.68547 0.715
6.00754e+08 -9.71754 1.415
6.05837e+08 -9.76656 2.085
6.10964e+08 -9.8269 2.763
6.16133e+08 -9.8407 -2.829
6.21347e+08 -9.87745 -2.148
6.26604e+08 -9.93186 -1.446
6.31907e+08 -9.93682 -0.721
6.37254e+08 -9.92759 0.011
6.42646e+08 -9.95383 0.731
6.48084e+08 -9.90433 1.452
6.53567e+08 -9.86051 2.178
6.59098e+08 -9.81812 2.892
6.64675e+08 -9.74386 -2.666
6.70299e+08 -9.68912 -1.916
6.75971e+08 -9.64543 -1.121
6.81691e+08 -9.54485 -0.344
6.87459e+08 -9.4858 0.429
6.93276e+08 -9.41743 1.199
6.99142e+08 -9.36668 1.980
7.05058e+08 -9.32065 2.748
7.11024e+08 -9.3174 -2.754
7.17041e+08 -9.38009 -2.020
7.23108e+08 -9.3668 -1.224
7.29227e+08 -9.38798 -0.437
7.35397e+08 -9.4254 0.374
7.4162e+08 -9.4658 1.209
7.47895e+08 -9.50633 2.048
7.54224e+08 -9.53968 2.867
7.60606e+08 -9.60932 -2.572
7.67042e+08 -9.64508 -1.691
7.73532e+08 -9.67213 -0.831
7.80077e+08 -9.69205 0.049
7.86678e+08 -9.74323 0.891
7.93335e+08 -9.73588 1.758
8.00048e+08 -9.73146 2.639
8.06817e+08 -9.76549 -2.735
8.13644e+08 -9.74822 -1.804
8.20529e+08 -9.76154 -0.852
8.27472e+08 -9.75101 0.065
8.34474e+08 -9.76045 0.978
8.41535e+08 -9.75967 1.873
8.48656e+08 -9.79816 2.773
8.55837e+08 -9.81821 -2.580
8.63079e+08 -9.82383 -1.619
8.70382e+08 -9.83225 -0.651
8.77747e+08 -9.85616 0.343
8.85174e+08 -9.86871 1.365
8.92664e+08 -9.85266 2.381
9.00217e+08 -9.85814 -2.885
9.07835e+08 -9.84926 -1.844
9.15516e+08 -9.89833 -0.826
9.23263e+08 -9.86407 0.229
9.31076e+08 -9.85424 1.253
9.38954e+08 -9.86514 2.328
9.46899e+08 -9.88031 -2.875
9.54912e+08 -9.89667 -1.791
9.62992e+08 -9.94346 -0.733
9.7114e+08 -10.0417 0.305
9.79358e+08 -10.1135 1.351
9.87645e+08 -10.1654 2.422
9.96002e+08 -10.0921 -2.744
1.00443e+09 -10.0131 -1.602
1.01293e+09 -9.95155 -0.482
1.0215e+09 -9.93778 0.721
1.03014e+09 -9.85892 1.869
1.03886e+09 -9.81735 3.054
1.04765e+09 -9.67659 -2.039
1.05652e+09 -9.58658 -0.908
1.06546e+09 -9.45855 0.264
1.07447e+09 -9.36246 1.406
1.08356e+09 -9.33246 2.588
1.09273e+09 -9.29965 -2.500
1.10198e+09 -9.3252 -1.366
1.1113e+09 -9.38806 -0.205
1.12071e+09 -9.42724 1.036
1.13019e+09 -9.52277 2.335
1.13975e+09 -9.62574 -2.636
1.1494e+09 -9.73091 -1.296
1.15912e+09 -9.82246 -0.020
1.16893e+09 -9.91187 1.237
1.17882e+09 -9.95711 2.505
1.1888e+09 -10.0192 -2.505
1.19886e+09 -10.037 -1.184
1.209e+09 -10.0354 0.132
1.21923e+09 -9.99332 1.512
1.22955e+09 -9.98052 2.839
1.23995e+09 -9.91675 -1.988
1.25044e+09 -9.89546 -0.551
1.26102e+09 -9.82922 0.873
1.27169e+09 -9.76478 2.341
1.28245e+09 -9.6979 -2.499
1.29331e+09 -9.64727 -1.091
1.30425e+09 -9.5962 0.347
1.31529e+09 -9.58448 1.784
1.32642e+09 -9.59011 -3.041
1.33764e+09 -9.65693 -1.559
1.34896e+09 -9.72513 -0.008
1.36037e+09 -9.80386 1.588
1.37188e+09 -9.91011 3.141
1.38349e+09 -10.0074 -1.530
1.3952e+09 -10.0415 0.100
1.407e+09 -10.0113 1.720
1.41891e+09 -9.94865 -2.954
1.43092e+09 -9.96712 -1.423
1.44302e+09 -9.90823 0.195
1.45523e+09 -9.85483 1.818
1.46755e+09 -9.82965 -2.774
1.47997e+09 -9.87268 -1.077
1.49249e+09 -9.95006 0.610
1.50512e+09 -10.003 2.361
1.51785e+09 -10.0164 -2.186
1.5307e+09 -9.99993 -0.521
1.54365e+09 -9.92395 1.227
1.55671e+09 -9.77967 2.967
1.56988e+09 -9.61672 -1.499
1.58317e+09 -9.49801 0.315
1.59656e+09 -9.48616 2.059
1.61007e+09 -9.62584 -2.592
1.6237e+09 -9.91367 -0.834
1.63744e+09 -10.2241 -0.341
1.65129e+09 -10.4636 1.610
1.66526e+09 -10.4775 -2.679
1.67935e+09 -10.1921 -0.860
1.69357e+09 -9.88601 1.092
1.7079e+09 -9.66348 3.035
1.72235e+09 -9.62184 -1.408
1.73692e+09 -9.7615 0.524
1.75162e+09 -9.98121 2.447
1.76644e+09 -10.1132 -1.948
1.78139e+09 -10.229 0.041
1.79646e+09 -10.1788 2.057
1.81166e+09 -10.0895 -2.209
1.82699e+09 -10.0369 -0.256
1.84245e+09 -10.011 1.718
1.85804e+09 -10.0614 -2.569
1.87376e+09 -10.2256 -0.434
1.88962e+09 -10.3976 1.634
1.90561e+09 -10.3728 -2.403
1.92173e+09 -10.0921 -0.184
1.93799e+09 -9.47897 1.867
1.95439e+09 -8.76721 -2.396
1.97093e+09 -8.28582 -0.204
1.98761e+09 -8.44395 1.937
2.00442e+09 -9.35569 -2.090
2.02139e+09 -10.6384 0.239
2.03849e+09 -11.7435 2.691
2.05574e+09 -12.0077 -1.223
2.07313e+09 -11.2685 1.228
2.09068e+09 -10.1987 -2.610
2.10837e+09 -9.47645 -0.239
2.12621e+09 -9.20015 2.038
2.1442e+09 -9.21999 -1.920
2.16234e+09 -9.55568 0.440
2.18064e+09 -9.99281 2.917
2.19909e+09 -10.258 -0.846
2.2177e+09 -9.62253 1.323
2.23646e+09 -9.07692 -2.512
2.25539e+09 -8.52409 -0.190
2.27447e+09 -8.29789 2.017
2.29372e+09 -8.58694 -1.888
2.31313e+09 -8.64843 0.700
2.3327e+09 -8.01795 -2.963
2.35244e+09 -7.29453 -0.321
2.37234e+09 -7.49806 2.338
2.39242e+09 -8.59334 -1.323
2.41266e+09 -9.88284 1.277
2.43308e+09 -10.7135 -2.127
2.45366e+09 -10.3867 0.699
2.47443e+09 -8.78584 -2.745
2.49536e+09 -7.46099 -0.001
2.51648e+09 -6.96386 2.594
2.53777e+09 -7.08901 -1.077
2.55925e+09 -7.65695 1.615
2.5809e+09 -8.43643 -1.870
2.60274e+09 -8.3446 1.164
2.62476e+09 -7.39604 -2.188
2.64697e+09 -6.39769 0.629
2.66937e+09 -6.50263 -2.767
2.69196e+09 -8.29678 0.211
2.71474e+09 -9.93051 -2.853
2.73771e+09 -9.35877 0.421
2.76087e+09 -8.16359 -2.661
2.78424e+09 -8.43083 0.428
2.8078e+09 -9.39881 -2.687
2.83155e+09 -10.1993 0.571
2.85551e+09 -9.76627 -2.415
2.87968e+09 -8.92828 0.746
2.90404e+09 -8.59776 -2.538
2.92862e+09 -8.58297 0.459
2.9534e+09 -9.05926 -2.711
2.97839e+09 -10.3254 0.726
3.00359e+09 -10.0581 -1.927
3.02901e+09 -8.38002 1.429
3.05464e+09 -9.04339 -1.451
3.08048e+09 -11.9852 2.127
3.10655e+09 -13.3651 -0.380
3.13284e+09 -11.6492 -2.891
3.15934e+09 -9.87975 0.721
3.18608e+09 -9.53416 -2.132
3.21304e+09 -9.94663 1.331
3.24022e+09 -11.2311 -1.360
3.26764e+09 -11.7541 2.452
3.29529e+09 -11.2748 -0.328
3.32318e+09 -10.2777 -3.042
3.3513e+09 -10.4958 0.556
3.37965e+09 -12.9125 -1.696
3.40825e+09 -12.8353 2.596
3.43709e+09 -12.2053 0.411
3.46617e+09 -13.062 -1.853
3.4955e+09 -13.5118 2.262
3.52508e+09 -12.4121 0.252
3.55491e+09 -11.3072 -1.880
3.58499e+09 -11.7247 1.894
3.61532e+09 -12.8201 -0.634
3.64592e+09 -13.9481 -2.840
3.67677e+09 -13.6385 1.436
3.70788e+09 -12.245 -0.621
3.73925e+09 -14.4793 -2.569
3.77089e+09 -16.9196 2.080
3.8028e+09 -16.0754 0.568
3.83498e+09 -14.3413 -1.026
3.86743e+09 -13.1952 -2.977
3.90015e+09 -13.3699 1.533
3.93316e+09 -14.5922 -0.365
3.96644e+09 -15.3072 -2.246
4e+09 -15.0072 2.082
# failures 0, mismatches 0
