1.375e+08 -9.44737 2.850
1.38663e+08 -9.42904 3.004
1.39837e+08 -9.4235 -3.125
1.4102e+08 -9.42093 -2.964
1.42213e+08 -9.41122 -2.806
1.43417e+08 -9.409 -2.649
1.4463e+08 -9.38218 -2.487
1.45854e+08 -9.38688 -2.323
1.47088e+08 -9.38193 -2.160
1.48333e+08 -9.35917 -1.995
1.49588e+08 -9.35748 -1.833
1.50854e+08 -9.36542 -1.663
1.5213e+08 -9.33205 -1.492
1.53417e+08 -9.34817 -1.326
1.54716e+08 -9.33111 -1.153
1.56025e+08 -9.34903 -0.980
1.57345e+08 -9.33698 -0.805
1.58676e+08 -9.33028 -0.634
1.60019e+08 -9.307 -0.459
1.61373e+08 -9.31066 -0.274
1.62739e+08 -9.3077 -0.096
1.64116e+08 -9.30178 0.095
1.65504e+08 -9.2892 0.278
1.66905e+08 -9.28486 0.459
1.68317e+08 -9.30119 0.643
1.69741e+08 -9.29496 0.821
1.71178e+08 -9.28157 1.002
1.72626e+08 -9.29623 1.192
1.74087e+08 -9.26955 1.387
1.7556e+08 -9.27031 1.581
1.77045e+08 -9.29465 1.783
1.78543e+08 -9.33474 1.984
1.80054e+08 -9.33412 2.195
1.81578e+08 -9.33391 2.392
1.83114e+08 -9.34822 2.593
1.84664e+08 -9.34117 2.803
1.86226e+08 -9.33401 3.009
1.87802e+08 -9.3378 -3.069
1.89391e+08 -9.35396 -2.866
1.90994e+08 -9.35485 -2.653
1.9261e+08 -9.34133 -2.435
1.9424e+08 -9.35358 -2.225
1.95883e+08 -9.34361 -2.006
1.97541e+08 -9.35218 -1.788
1.99212e+08 -9.3536 -1.565
2.00898e+08 -9.37105 -1.341
2.02598e+08 -9.37643 -1.120
2.04312e+08 -9.37175 -0.891
2.06041e+08 -9.37474 -0.663
2.07784e+08 -9.38201 -0.428
2.09543e+08 -9.39381 -0.200
2.11316e+08 -9.4029 0.036
2.13104e+08 -9.40554 0.271
2.14907e+08 -9.40173 0.515
2.16725e+08 -9.40764 0.751
2.18559e+08 -9.42927 0.994
2.20409e+08 -9.41892 1.244
2.22274e+08 -9.42378 1.489
2.24155e+08 -9.43469 1.737
2.26051e+08 -9.43031 1.993
2.27964e+08 -9.45051 2.237
2.29893e+08 -9.52437 2.492
2.31838e+08 -9.537 2.749
2.338e+08 -9.53721 3.006
2.35778e+08 -9.53903 -3.011
2.37773e+08 -9.55566 -2.747
2.39785e+08 -9.5418 -2.479
2.41814e+08 -9.55571 -2.215
2.4386e+08 -9.56164 -1.938
2.45924e+08 -9.54687 -1.667
2.48005e+08 -9.56074 -1.387
2.50103e+08 -9.55621 -1.107
2.5222e+08 -9.57676 -0.823
2.54354e+08 -9.57932 -0.553
2.56506e+08 -9.59165 -0.267
2.58677e+08 -9.59111 0.030
2.60865e+08 -9.60352 0.323
2.63073e+08 -9.56994 0.614
2.65299e+08 -9.5874 0.912
2.67544e+08 -9.586 1.204
2.69808e+08 -9.59071 1.501
2.72091e+08 -9.58555 1.807
2.74393e+08 -9.5821 2.115
2.76715e+08 -9.57299 2.429
2.79056e+08 -9.58423 2.737
2.81418e+08 -9.58792 3.054
2.83799e+08 -9.59097 -2.927
2.862e+08 -9.57896 -2.607
2.88622e+08 -9.60109 -2.287
2.91064e+08 -9.59875 -1.962
2.93527e+08 -9.60847 -1.631
2.96011e+08 -9.61122 -1.307
2.98515e+08 -9.62551 -0.980
3.01041e+08 -9.60808 -0.631
3.03589e+08 -9.64178 -0.297
3.06158e+08 -9.62831 0.048
3.08748e+08 -9.63986 0.379
3.11361e+08 -9.65863 0.737
3.13995e+08 -9.67353 1.090
3.16652e+08 -9.6508 1.444
3.19332e+08 -9.66897 1.807
3.22034e+08 -9.64054 2.168
3.24759e+08 -9.67165 2.510
3.27507e+08 -9.66731 2.868
3.30278e+08 -9.67446 -3.052
3.33073e+08 -9.66815 -2.685
3.35891e+08 -9.67689 -2.301
3.38733e+08 -9.66647 -1.908
3.41599e+08 -9.65236 -1.510
3.4449e+08 -9.6283 -1.124
3.47405e+08 -9.63377 -0.726
3.50345e+08 -9.60568 -0.340
3.53309e+08 -9.59909 0.062
3.56299e+08 -9.63683 0.454
3.59313e+08 -9.59792 0.857
3.62354e+08 -9.59812 1.254
3.6542e+08 -9.56175 1.658
3.68512e+08 -9.54209 2.053
3.7163e+08 -9.49657 2.465
3.74775e+08 -9.45907 2.889
3.77946e+08 -9.45233 -2.975
3.81144e+08 -9.40052 -2.551
3.84369e+08 -9.35669 -2.120
3.87622e+08 -9.33919 -1.695
3.90902e+08 -9.29671 -1.271
3.94209e+08 -9.26475 -0.827
3.97545e+08 -9.2463 -0.388
4.00909e+08 -9.23784 0.065
4.04301e+08 -9.21614 0.510
4.07722e+08 -9.18483 0.955
4.11172e+08 -9.17426 1.404
4.14651e+08 -9.18263 1.876
4.1816e+08 -9.16448 2.321
4.21698e+08 -9.18683 2.790
4.25267e+08 -9.17806 -3.043
4.28865e+08 -9.22471 -2.557
4.32494e+08 -9.24625 -2.075
4.36154e+08 -9.26036 -1.589
4.39844e+08 -9.29613 -1.106
4.43566e+08 -9.33602 -0.616
4.47319e+08 -9.3491 -0.146
4.51104e+08 -9.39718 0.363
4.54922e+08 -9.42606 0.876
4.58771e+08 -9.53702 1.370
4.62653e+08 -9.58042 1.882
4.66568e+08 -9.61875 2.424
4.70516e+08 -9.66074 2.934
4.74497e+08 -9.71844 -2.825
4.78512e+08 -9.73 -2.284
4.82561e+08 -9.77288 -1.744
4.86644e+08 -9.78263 -1.207
4.90762e+08 -9.8027 -0.627
4.94915e+08 -9.82379 -0.069
4.99103e+08 -9.80888 0.485
5.03326e+08 -9.83574 1.032
5.07585e+08 -9.83548 1.570
5.1188e+08 -9.81585 2.133
5.16211e+08 -9.79622 2.704
5.20579e+08 -9.77317 -2.987
5.24984e+08 -9.75208 -2.390
5.29426e+08 -9.72172 -1.804
5.33906e+08 -9.66346 -1.203
5.38424e+08 -9.65613 -0.593
5.4298e+08 -9.63697 0.015
5.47574e+08 -9.58647 0.612
5.52208e+08 -9.58543 1.247
5.5688e+08 -9.54675 1.868
5.61593e+08 -9.54311 2.477
5.66345e+08 -9.56023 3.106
5.71137e+08 -9.56406 -2.543
5.7597e+08 -9.57393 -1.909
5.80843e+08 -9.56743 -1.248
5.85758e+08 -9.62994 -0.601
5.90715e+08 -9.65447 0.046
5.95713e+08 -9.71363 0.708
6.00754e+08 -9.74201 1.402
6.05837e+08 -9.80164 2.071
6.10964e+08 -9.86989 2.755
6.16133e+08 -9.8959 -2.845
6.21347e+08 -9.91941 -2.160
6.26604e+08 -9.94416 -1.452
6.31907e+08 -9.97808 -0.732
6.37254e+08 -9.96847 -0.001
6.42646e+08 -9.97742 0.724
6.48084e+08 -9.94057 1.445
6.53567e+08 -9.90726 2.171
6.59098e+08 -9.84625 2.884
6.64675e+08 -9.80074 -2.677
6.70299e+08 -9.74401 -1.925
6.75971e+08 -9.6584 -1.130
6.81691e+08 -9.60512 -0.358
6.87459e+08 -9.51392 0.417
6.93276e+08 -9.44566 1.188
6.99142e+08 -9.40232 1.972
7.05058e+08 -9.3826 2.741
7.11024e+08 -9.35356 -2.765
7.17041e+08 -9.40512 -2.027
7.23108e+08 -9.40978 -1.233
7.29227e+08 -9.42623 -0.447
7.35397e+08 -9.43694 0.361
7.4162e+08 -9.49498 1.199
7.47895e+08 -9.54497 2.034
7.54224e+08 -9.57018 2.847
7.60606e+08 -9.63245 -2.592
7.67042e+08 -9.68207 -1.711
7.73532e+08 -9.71513 -0.853
7.80077e+08 -9.71953 0.031
7.86678e+08 -9.76596 0.876
7.93335e+08 -9.76804 1.738
8.00048e+08 -9.77512 2.612
8.06817e+08 -9.77591 -2.757
8.13644e+08 -9.79649 -1.823
8.20529e+08 -9.7803 -0.874
8.27472e+08 -9.78773 0.051
8.34474e+08 -9.7892 0.956
8.41535e+08 -9.81692 1.848
8.48656e+08 -9.80716 2.747
8.55837e+08 -9.82759 -2.598
8.63079e+08 -9.8456 -1.634
8.70382e+08 -9.89046 -0.662
8.77747e+08 -9.89532 0.324
8.85174e+08 -9.88671 1.344
8.92664e+08 -9.90629 2.365
9.00217e+08 -9.89535 -2.898
9.07835e+08 -9.86904 -1.858
9.15516e+08 -9.94206 -0.844
9.23263e+08 -9.89245 0.202
9.31076e+08 -9.87459 1.237
9.38954e+08 -9.87123 2.303
9.46899e+08 -9.89117 -2.898
9.54912e+08 -9.90691 -1.812
9.62992e+08 -10.0129 -0.759
9.7114e+08 -10.0577 0.289
9.79358e+08 -10.1738 1.338
9.87645e+08 -10.1867 2.406
9.96002e+08 -10.136 -2.761
1.00443e+09 -10.022 -1.619
1.01293e+09 -10.0148 -0.494
1.0215e+09 -9.97491 0.708
1.03014e+09 -9.91281 1.858
1.03886e+09 -9.8253 3.043
1.04765e+09 -9.72405 -2.055
1.05652e+09 -9.59299 -0.920
1.06546e+09 -9.49469 0.246
1.07447e+09 -9.4086 1.403
1.08356e+09 -9.37566 2.578
1.09273e+09 -9.30543 -2.507
1.10198e+09 -9.36636 -1.374
1.1113e+09 -9.41145 -0.206
1.12071e+09 -9.48271 1.032
1.13019e+09 -9.55812 2.325
1.13975e+09 -9.66124 -2.649
1.1494e+09 -9.74217 -1.307
1.15912e+09 -9.8513 -0.030
1.16893e+09 -9.93941 1.222
1.17882e+09 -10.0094 2.495
1.1888e+09 -10.0371 -2.513
1.19886e+09 -10.0817 -1.195
1.209e+09 -10.0714 0.122
1.21923e+09 -10.0445 1.499
1.22955e+09 -9.99882 2.831
1.23995e+09 -9.95499 -2.000
1.25044e+09 -9.92182 -0.564
1.26102e+09 -9.8465 0.861
1.27169e+09 -9.80685 2.331
1.28245e+09 -9.70641 -2.503
1.29331e+09 -9.6808 -1.101
1.30425e+09 -9.61919 0.336
1.31529e+09 -9.60354 1.778
1.32642e+09 -9.61594 -3.052
1.33764e+09 -9.65037 -1.572
1.34896e+09 -9.77161 -0.021
1.36037e+09 -9.86898 1.579
1.37188e+09 -9.94599 3.136
1.38349e+09 -10.0841 -1.540
1.3952e+09 -10.0525 0.101
1.407e+09 -10.0613 1.713
1.41891e+09 -10.012 -2.963
1.43092e+09 -9.99031 -1.427
1.44302e+09 -9.91025 0.194
1.45523e+09 -9.89779 1.810
1.46755e+09 -9.89805 -2.786
1.47997e+09 -9.90306 -1.087
1.49249e+09 -9.99965 0.593
1.50512e+09 -10.0436 2.355
1.51785e+09 -10.0637 -2.194
1.5307e+09 -10.0253 -0.530
1.54365e+09 -9.95233 1.218
1.55671e+09 -9.80943 2.959
1.56988e+09 -9.66754 -1.513
1.58317e+09 -9.53396 0.298
1.59656e+09 -9.56021 2.033
1.61007e+09 -9.67771 -2.608
1.6237e+09 -9.94516 -0.837
1.63744e+09 -10.2352 -0.365
1.65129e+09 -10.5233 1.601
1.66526e+09 -10.4404 -2.725
1.67935e+09 -10.2744 -0.877
1.69357e+09 -9.91596 1.074
1.7079e+09 -9.67225 3.007
1.72235e+09 -9.67063 -1.439
1.73692e+09 -9.79779 0.495
1.75162e+09 -9.98755 2.412
1.76644e+09 -10.2081 -1.980
1.78139e+09 -10.2663 0.008
1.79646e+09 -10.2259 2.029
1.81166e+09 -10.1174 -2.243
1.82699e+09 -10.0664 -0.298
1.84245e+09 -10.0602 1.678
1.85804e+09 -10.1186 -2.599
1.87376e+09 -10.2659 -0.465
1.88962e+09 -10.4396 1.612
1.90561e+09 -10.4232 -2.422
1.92173e+09 -10.1213 -0.207
1.93799e+09 -9.49613 1.841
1.95439e+09 -8.79898 -2.420
1.97093e+09 -8.30866 -0.229
1.98761e+09 -8.49567 1.901
2.00442e+09 -9.3888 -2.117
2.02139e+09 -10.6851 0.211
2.03849e+09 -11.7922 2.672
2.05574e+09 -12.0459 -1.250
2.07313e+09 -11.2996 1.202
2.09068e+09 -10.2413 -2.659
2.10837e+09 -9.53628 -0.267
2.12621e+09 -9.31856 1.996
2.1442e+09 -9.27464 -1.948
2.16234e+09 -9.56432 0.399
2.18064e+09 -10.0245 2.878
2.19909e+09 -10.2916 -0.883
2.2177e+09 -9.76713 1.282
2.23646e+09 -9.09093 -2.531
2.25539e+09 -8.58085 -0.213
2.27447e+09 -8.40598 1.986
2.29372e+09 -8.64067 -1.910
2.31313e+09 -8.70633 0.669
2.3327e+09 -8.06581 -2.993
2.35244e+09 -7.33819 -0.352
2.37234e+09 -7.52379 2.311
2.39242e+09 -8.64756 -1.363
2.41266e+09 -9.92904 1.244
2.43308e+09 -10.7725 -2.167
2.45366e+09 -10.4224 0.656
2.47443e+09 -8.81626 -2.780
2.49536e+09 -7.49001 -0.049
2.51648e+09 -7.00868 2.550
2.53777e+09 -7.11895 -1.115
2.55925e+09 -7.67932 1.576
2.5809e+09 -8.4566 -1.909
2.60274e+09 -8.35029 1.118
2.62476e+09 -7.40267 -2.225
2.64697e+09 -6.38969 0.589
2.66937e+09 -6.52054 -2.813
2.69196e+09 -8.31401 0.161
2.71474e+09 -9.99024 -2.899
2.73771e+09 -9.35597 0.367
2.76087e+09 -8.17553 -2.717
2.78424e+09 -8.39811 0.369
2.8078e+09 -9.39085 -2.742
2.83155e+09 -10.1927 0.518
2.85551e+09 -9.77815 -2.472
2.87968e+09 -8.9108 0.698
2.90404e+09 -8.63179 -2.594
2.92862e+09 -8.60337 0.395
2.9534e+09 -9.08948 -2.770
2.97839e+09 -10.3425 0.658
3.00359e+09 -10.0826 -2.001
3.02901e+09 -8.3893 1.358
3.05464e+09 -9.08168 -1.528
3.08048e+09 -12.0129 2.053
3.10655e+09 -13.4182 -0.466
3.13284e+09 -11.637 -2.975
3.15934e+09 -9.94304 0.649
3.18608e+09 -9.5136 -2.219
3.21304e+09 -9.97042 1.248
3.24022e+09 -11.2816 -1.440
3.26764e+09 -11.792 2.365
3.29529e+09 -11.3095 -0.410
3.32318e+09 -10.2992 -3.125
3.3513e+09 -10.5161 0.471
3.37965e+09 -12.9341 -1.778
3.40825e+09 -12.8675 2.512
3.43709e+09 -12.2083 0.338
3.46617e+09 -13.0516 -1.927
3.4955e+09 -13.4932 2.185
3.52508e+09 -12.4044 0.182
3.55491e+09 -11.348 -1.960
3.58499e+09 -11.756 1.819
3.61532e+09 -12.8263 -0.704
3.64592e+09 -13.9769 -2.915
3.67677e+09 -13.7306 1.367
3.70788e+09 -12.2971 -0.707
3.73925e+09 -14.4368 -2.646
3.77089e+09 -16.9494 1.997
3.8028e+09 -16.0862 0.476
3.83498e+09 -14.3637 -1.109
3.86743e+09 -13.2196 -3.050
3.90015e+09 -13.4016 1.462
3.93316e+09 -14.538 -0.443
3.96644e+09 -15.3007 -2.315
4e+09 -15.0933 2.002
# failures 0, mismatches 0
