1.375e+08 -29.1175 2.755
1.38663e+08 -29.0826 2.933
1.39837e+08 -29.0872 3.070
1.4102e+08 -29.0848 -3.052
1.42213e+08 -29.0525 -2.882
1.43417e+08 -29.0276 -2.740
1.4463e+08 -28.9631 -2.576
1.45854e+08 -29.0902 -2.405
1.47088e+08 -29.16 -2.247
1.48333e+08 -28.944 -2.080
1.49588e+08 -28.9773 -1.933
1.50854e+08 -29.1817 -1.750
1.5213e+08 -29.0385 -1.599
1.53417e+08 -28.9907 -1.431
1.54716e+08 -29.0881 -1.246
1.56025e+08 -29.0885 -1.081
1.57345e+08 -28.9673 -0.905
1.58676e+08 -28.9439 -0.730
1.60019e+08 -29.104 -0.567
1.61373e+08 -28.9853 -0.377
1.62739e+08 -28.9759 -0.201
1.64116e+08 -28.9222 -0.026
1.65504e+08 -29.0355 0.151
1.66905e+08 -28.9336 0.348
1.68317e+08 -29.0111 0.544
1.69741e+08 -28.86 0.717
1.71178e+08 -28.9 0.913
1.72626e+08 -29.0913 1.106
1.74087e+08 -28.9658 1.286
1.7556e+08 -28.9696 1.481
1.77045e+08 -29.0048 1.683
1.78543e+08 -28.9764 1.884
1.80054e+08 -29.153 2.080
1.81578e+08 -28.953 2.282
1.83114e+08 -28.9771 2.475
1.84664e+08 -28.9376 2.687
1.86226e+08 -29.0618 2.883
1.87802e+08 -28.9965 3.101
1.89391e+08 -28.9156 -2.997
1.90994e+08 -28.8551 -2.762
1.9261e+08 -29.1035 -2.570
1.9424e+08 -28.9073 -2.343
1.95883e+08 -29.1308 -2.133
1.97541e+08 -29.0401 -1.915
1.99212e+08 -29.0563 -1.694
2.00898e+08 -28.9286 -1.480
2.02598e+08 -29.0826 -1.249
2.04312e+08 -29.1587 -1.028
2.06041e+08 -29.1088 -0.801
2.07784e+08 -29.0046 -0.538
2.09543e+08 -28.9816 -0.341
2.11316e+08 -28.9827 -0.117
2.13104e+08 -29.0461 0.133
2.14907e+08 -28.9015 0.373
2.16725e+08 -29.0856 0.590
2.18559e+08 -28.9254 0.860
2.20409e+08 -29.2075 1.112
2.22274e+08 -29.0145 1.352
2.24155e+08 -29.0708 1.592
2.26051e+08 -29.0268 1.834
2.27964e+08 -29.1206 2.075
2.29893e+08 -29.1107 2.350
2.31838e+08 -29.1965 2.596
2.338e+08 -29.29 2.863
2.35778e+08 -29.4116 3.123
2.37773e+08 -29.3872 -2.914
2.39785e+08 -29.2788 -2.632
2.41814e+08 -29.1995 -2.366
2.4386e+08 -29.2495 -2.107
2.45924e+08 -29.3204 -1.831
2.48005e+08 -29.0997 -1.536
2.50103e+08 -29.1957 -1.291
2.5222e+08 -29.3592 -0.985
2.54354e+08 -29.1932 -0.697
2.56506e+08 -29.3018 -0.449
2.58677e+08 -29.1952 -0.139
2.60865e+08 -29.2017 0.160
2.63073e+08 -29.3544 0.436
2.65299e+08 -29.2424 0.742
2.67544e+08 -29.2324 1.032
2.69808e+08 -29.3021 1.324
2.72091e+08 -29.1324 1.644
2.74393e+08 -29.3516 1.939
2.76715e+08 -29.3917 2.243
2.79056e+08 -29.381 2.560
2.81418e+08 -29.2527 2.867
2.83799e+08 -29.1305 -3.097
2.862e+08 -29.2838 -2.786
2.88622e+08 -29.2922 -2.468
2.91064e+08 -29.1827 -2.127
2.93527e+08 -29.3405 -1.815
2.96011e+08 -29.3817 -1.492
2.98515e+08 -29.3129 -1.150
3.01041e+08 -29.3473 -0.824
3.03589e+08 -29.4504 -0.468
3.06158e+08 -29.2405 -0.142
3.08748e+08 -29.3526 0.187
3.11361e+08 -29.3633 0.541
3.13995e+08 -29.2533 0.902
3.16652e+08 -29.4747 1.237
3.19332e+08 -29.3184 1.613
3.22034e+08 -29.3079 1.966
3.24759e+08 -29.2218 2.316
3.27507e+08 -29.3201 2.663
3.30278e+08 -29.3513 3.050
3.33073e+08 -29.3235 -2.862
3.35891e+08 -29.2978 -2.495
3.38733e+08 -29.2839 -2.136
3.41599e+08 -29.3538 -1.743
3.4449e+08 -29.3158 -1.355
3.47405e+08 -29.3824 -0.964
3.50345e+08 -29.476 -0.576
3.53309e+08 -29.308 -0.174
3.56299e+08 -29.464 0.219
3.59313e+08 -29.2954 0.608
3.62354e+08 -29.3202 1.021
3.6542e+08 -29.2558 1.413
3.68512e+08 -29.3108 1.816
3.7163e+08 -29.233 2.223
3.74775e+08 -29.0976 2.652
3.77946e+08 -29.0531 3.064
3.81144e+08 -29.0368 -2.776
3.84369e+08 -29.2104 -2.371
3.87622e+08 -29.0155 -1.928
3.90902e+08 -29.0384 -1.518
3.94209e+08 -28.9039 -1.069
3.97545e+08 -28.9248 -0.635
4.00909e+08 -29.0208 -0.198
4.04301e+08 -28.9619 0.254
4.07722e+08 -28.8093 0.703
4.11172e+08 -28.7244 1.134
4.14651e+08 -28.732 1.608
4.1816e+08 -28.837 2.065
4.21698e+08 -28.9503 2.528
4.25267e+08 -28.7268 2.972
4.28865e+08 -28.8444 -2.822
4.32494e+08 -28.7872 -2.352
4.36154e+08 -28.775 -1.847
4.39844e+08 -28.8183 -1.381
4.43566e+08 -28.9 -0.889
4.47319e+08 -29.1075 -0.428
4.51104e+08 -29.1108 0.072
4.54922e+08 -29.0425 0.565
4.58771e+08 -29.2106 1.084
4.62653e+08 -29.3595 1.590
4.66568e+08 -29.3351 2.125
4.70516e+08 -29.3435 2.637
4.74497e+08 -29.2589 -3.094
4.78512e+08 -29.4391 -2.566
4.82561e+08 -29.2638 -2.028
4.86644e+08 -29.4859 -1.516
4.90762e+08 -29.4636 -0.954
4.94915e+08 -29.3719 -0.411
4.99103e+08 -29.6446 0.158
5.03326e+08 -29.6949 0.705
5.07585e+08 -29.5132 1.269
5.1188e+08 -29.5853 1.854
5.16211e+08 -29.3184 2.419
5.20579e+08 -29.6444 3.007
5.24984e+08 -29.3612 -2.702
5.29426e+08 -29.2934 -2.095
5.33906e+08 -29.3225 -1.525
5.38424e+08 -29.4331 -0.936
5.4298e+08 -29.2852 -0.322
5.47574e+08 -29.1013 0.278
5.52208e+08 -29.0852 0.911
5.5688e+08 -29.2804 1.499
5.61593e+08 -29.2004 2.132
5.66345e+08 -29.2234 2.768
5.71137e+08 -29.2029 -2.896
5.7597e+08 -29.2496 -2.258
5.80843e+08 -29.1136 -1.611
5.85758e+08 -29.2969 -0.975
5.90715e+08 -29.29 -0.317
5.95713e+08 -29.3955 0.335
6.00754e+08 -29.4477 1.013
6.05837e+08 -29.5261 1.679
6.10964e+08 -29.5888 2.373
6.16133e+08 -29.5679 3.060
6.21347e+08 -29.5885 -2.546
6.26604e+08 -29.6531 -1.834
6.31907e+08 -29.7408 -1.142
6.37254e+08 -29.4962 -0.411
6.42646e+08 -29.7712 0.298
6.48084e+08 -29.7059 1.007
6.53567e+08 -29.5368 1.779
6.59098e+08 -29.5372 2.493
6.64675e+08 -29.3233 -3.049
6.70299e+08 -29.6478 -2.317
6.75971e+08 -29.2381 -1.557
6.81691e+08 -29.2361 -0.815
6.87459e+08 -29.1557 -0.063
6.93276e+08 -29.1609 0.730
6.99142e+08 -29.0725 1.482
7.05058e+08 -28.9362 2.253
7.11024e+08 -28.966 3.038
7.17041e+08 -29.1735 -2.505
7.23108e+08 -29.0427 -1.695
7.29227e+08 -29.1572 -0.890
7.35397e+08 -29.1377 -0.088
7.4162e+08 -29.0484 0.735
7.47895e+08 -29.3643 1.558
7.54224e+08 -29.3195 2.364
7.60606e+08 -29.2774 -3.054
7.67042e+08 -29.2714 -2.192
7.73532e+08 -29.2463 -1.337
7.80077e+08 -29.5337 -0.445
7.86678e+08 -29.313 0.386
7.93335e+08 -29.5217 1.242
8.00048e+08 -29.3753 2.146
8.06817e+08 -29.4959 3.043
8.13644e+08 -29.4129 -2.347
8.20529e+08 -29.2708 -1.415
8.27472e+08 -29.2784 -0.504
8.34474e+08 -29.5612 0.398
8.41535e+08 -29.6053 1.310
8.48656e+08 -29.4195 2.275
8.55837e+08 -29.4331 -3.061
8.63079e+08 -29.4917 -2.106
8.70382e+08 -29.5206 -1.157
8.77747e+08 -29.5944 -0.167
8.85174e+08 -29.5107 0.828
8.92664e+08 -29.573 1.823
9.00217e+08 -29.5951 2.812
9.07835e+08 -29.4743 -2.434
9.15516e+08 -29.5192 -1.409
9.23263e+08 -29.4177 -0.360
9.31076e+08 -29.5142 0.676
9.38954e+08 -29.6281 1.734
9.46899e+08 -29.6079 2.806
9.54912e+08 -29.6143 -2.469
9.62992e+08 -29.7936 -1.388
9.7114e+08 -29.7936 -0.311
9.79358e+08 -29.6994 0.735
9.87645e+08 -29.8521 1.839
9.96002e+08 -29.7367 2.941
1.00443e+09 -29.7569 -2.227
1.01293e+09 -29.5488 -1.109
1.0215e+09 -29.7352 0.042
1.03014e+09 -29.7262 1.168
1.03886e+09 -29.5276 2.347
1.04765e+09 -29.4803 -2.761
1.05652e+09 -29.4506 -1.658
1.06546e+09 -29.2401 -0.487
1.07447e+09 -29.1375 0.673
1.08356e+09 -29.1073 1.865
1.09273e+09 -29.0054 3.075
1.10198e+09 -29.0487 -2.041
1.1113e+09 -29.0527 -0.862
1.12071e+09 -29.1026 0.355
1.13019e+09 -29.2428 1.607
1.13975e+09 -29.4931 2.897
1.1494e+09 -29.5303 -2.098
1.15912e+09 -29.7724 -0.817
1.16893e+09 -29.6914 0.465
1.17882e+09 -29.652 1.763
1.1888e+09 -29.8773 3.085
1.19886e+09 -29.8461 -1.850
1.209e+09 -29.7317 -0.541
1.21923e+09 -29.7184 0.855
1.22955e+09 -29.6154 2.176
1.23995e+09 -29.5725 -2.713
1.25044e+09 -29.5449 -1.328
1.26102e+09 -29.5276 0.059
1.27169e+09 -29.4473 1.513
1.28245e+09 -29.39 2.913
1.29331e+09 -29.5322 -1.954
1.30425e+09 -29.2894 -0.485
1.31529e+09 -29.4249 0.977
1.32642e+09 -29.2781 2.439
1.33764e+09 -29.4629 -2.345
1.34896e+09 -29.3778 -0.801
1.36037e+09 -29.7654 0.699
1.37188e+09 -29.5897 2.225
1.38349e+09 -29.7186 -2.486
1.3952e+09 -29.8481 -0.863
1.407e+09 -29.73 0.738
1.41891e+09 -29.6995 2.338
1.43092e+09 -29.7517 -2.369
1.44302e+09 -29.6014 -0.729
1.45523e+09 -29.6709 0.899
1.46755e+09 -29.7084 2.549
1.47997e+09 -29.7004 -2.076
1.49249e+09 -29.9513 -0.363
1.50512e+09 -29.7998 1.374
1.51785e+09 -29.9335 -3.135
1.5307e+09 -29.8509 -1.429
1.54365e+09 -29.5413 0.379
1.55671e+09 -29.3983 2.115
1.56988e+09 -29.1814 -2.419
1.58317e+09 -29.0955 -0.659
1.59656e+09 -29.1631 1.107
1.61007e+09 -29.2312 2.820
1.6237e+09 -29.7644 -1.710
1.63744e+09 -29.9454 -0.325
1.65129e+09 -30.1456 0.496
1.66526e+09 -30.1758 2.337
1.67935e+09 -29.902 -2.010
1.69357e+09 -29.5611 -0.097
1.7079e+09 -29.2963 1.765
1.72235e+09 -29.2714 -2.626
1.73692e+09 -29.3475 -0.706
1.75162e+09 -29.4756 1.173
1.76644e+09 -29.7788 3.075
1.78139e+09 -29.8136 -1.232
1.79646e+09 -29.9345 0.745
1.81166e+09 -29.9876 2.801
1.82699e+09 -29.995 -1.489
1.84245e+09 -29.8983 0.553
1.85804e+09 -29.956 2.612
1.87376e+09 -29.9761 -1.563
1.88962e+09 -30.1175 0.562
1.90561e+09 -30.06 2.790
1.92173e+09 -29.4471 -1.345
1.93799e+09 -28.8742 0.786
1.95439e+09 -28.3195 2.851
1.97093e+09 -28.2149 -1.274
1.98761e+09 -28.3958 0.813
2.00442e+09 -29.2686 3.008
2.02139e+09 -30.4998 -1.024
2.03849e+09 -31.2678 1.291
2.05574e+09 -31.1215 -2.610
2.07313e+09 -30.5748 -0.201
2.09068e+09 -30.0296 2.180
2.10837e+09 -29.2474 -1.832
2.12621e+09 -28.9958 0.475
2.1442e+09 -28.9131 2.798
2.16234e+09 -29.3299 -1.119
2.18064e+09 -29.8569 1.365
2.19909e+09 -30.219 -2.421
2.2177e+09 -29.2353 -0.215
2.23646e+09 -28.457 2.281
2.25539e+09 -27.8621 -1.628
2.27447e+09 -27.8866 0.738
2.29372e+09 -28.3598 -3.141
2.31313e+09 -28.3713 -0.567
2.3327e+09 -27.6869 1.982
2.35244e+09 -27.0461 -1.728
2.37234e+09 -27.0275 0.847
2.39242e+09 -27.7748 -2.907
2.41266e+09 -28.9367 -0.371
2.43308e+09 -29.6552 2.419
2.45366e+09 -29.9123 -1.102
2.47443e+09 -28.6255 1.707
2.49536e+09 -27.4473 -1.852
2.51648e+09 -26.4332 0.804
2.53777e+09 -26.5141 -2.810
2.55925e+09 -27.0345 0.033
2.5809e+09 -28.1258 2.892
2.60274e+09 -27.6894 -0.352
2.62476e+09 -26.541 2.578
2.64697e+09 -25.7373 -0.907
2.66937e+09 -26.2988 1.925
2.69196e+09 -27.9628 -1.434
2.71474e+09 -29.1659 1.699
2.73771e+09 -28.5136 -1.387
2.76087e+09 -27.4467 1.745
2.78424e+09 -27.4588 -1.565
2.8078e+09 -28.3902 1.538
2.83155e+09 -29.8439 -1.532
2.85551e+09 -29.8255 1.793
2.87968e+09 -28.575 -1.246
2.90404e+09 -27.73 1.889
2.92862e+09 -27.4744 -1.334
2.9534e+09 -28.2329 1.845
2.97839e+09 -29.7598 -1.024
3.00359e+09 -29.3615 2.588
3.02901e+09 -28.1121 -0.414
3.05464e+09 -28.7821 2.914
3.08048e+09 -30.8969 0.073
3.10655e+09 -32.261 -2.554
3.13284e+09 -30.8809 1.154
3.15934e+09 -29.5231 -1.603
3.18608e+09 -29.1782 1.805
3.21304e+09 -29.3812 -1.003
3.24022e+09 -31.0134 2.716
3.26764e+09 -31.1399 0.368
3.29529e+09 -29.9298 -2.317
3.32318e+09 -29.3844 1.306
3.3513e+09 -30.4592 -1.412
3.37965e+09 -32.3604 2.497
3.40825e+09 -32.332 0.385
3.43709e+09 -31.4408 -1.953
3.46617e+09 -32.0643 1.951
3.4955e+09 -32.7145 -0.299
3.52508e+09 -32.6589 -2.356
3.55491e+09 -31.5247 1.784
3.58499e+09 -31.0312 -0.684
3.61532e+09 -31.8517 -3.012
3.64592e+09 -33.3843 1.245
3.67677e+09 -33.1932 -0.702
3.70788e+09 -33.2665 -2.787
3.73925e+09 -34.3604 1.367
3.77089e+09 -36.1076 -0.414
3.8028e+09 -35.0155 -2.104
3.83498e+09 -33.7405 2.451
3.86743e+09 -33.0063 0.403
3.90015e+09 -33.2225 -1.412
3.93316e+09 -34.3292 3.059
3.96644e+09 -34.9928 1.407
4e+09 -34.6691 -0.304
# failures 0, mismatches 0
