1.375e+08 -29.1038 2.752
1.38663e+08 -29.0709 2.920
1.39837e+08 -29.1279 3.078
1.4102e+08 -29.0161 -3.047
1.42213e+08 -29.0976 -2.905
1.43417e+08 -29.0802 -2.741
1.4463e+08 -29.1317 -2.564
1.45854e+08 -28.9417 -2.406
1.47088e+08 -29.0868 -2.253
1.48333e+08 -29.1138 -2.089
1.49588e+08 -28.917 -1.946
1.50854e+08 -28.9789 -1.746
1.5213e+08 -28.951 -1.588
1.53417e+08 -28.9933 -1.416
1.54716e+08 -28.8367 -1.264
1.56025e+08 -28.9138 -1.068
1.57345e+08 -29.0049 -0.902
1.58676e+08 -28.9812 -0.742
1.60019e+08 -29.0305 -0.543
1.61373e+08 -28.856 -0.389
1.62739e+08 -29.0191 -0.201
1.64116e+08 -28.9481 -0.032
1.65504e+08 -29.0507 0.157
1.66905e+08 -28.8485 0.343
1.68317e+08 -29.0678 0.548
1.69741e+08 -28.9473 0.719
1.71178e+08 -29.041 0.904
1.72626e+08 -29.0621 1.092
1.74087e+08 -28.814 1.298
1.7556e+08 -28.8233 1.480
1.77045e+08 -28.9636 1.682
1.78543e+08 -29.0196 1.870
1.80054e+08 -29.0548 2.083
1.81578e+08 -29.0664 2.284
1.83114e+08 -28.8351 2.501
1.84664e+08 -29.0474 2.698
1.86226e+08 -29.0039 2.883
1.87802e+08 -28.9911 3.097
1.89391e+08 -29.0182 -2.973
1.90994e+08 -28.969 -2.787
1.9261e+08 -29.0853 -2.560
1.9424e+08 -28.9649 -2.337
1.95883e+08 -29.1213 -2.143
1.97541e+08 -29.0355 -1.910
1.99212e+08 -28.9337 -1.700
2.00898e+08 -29.0328 -1.457
2.02598e+08 -29.0074 -1.248
2.04312e+08 -29.0006 -0.997
2.06041e+08 -29.1148 -0.792
2.07784e+08 -29.1531 -0.564
2.09543e+08 -29.0334 -0.348
2.11316e+08 -29.17 -0.114
2.13104e+08 -28.9959 0.144
2.14907e+08 -28.9719 0.370
2.16725e+08 -29.1522 0.615
2.18559e+08 -29.1244 0.857
2.20409e+08 -28.9398 1.113
2.22274e+08 -28.9866 1.348
2.24155e+08 -29.0632 1.586
2.26051e+08 -29.1372 1.846
2.27964e+08 -29.1461 2.085
2.29893e+08 -29.175 2.337
2.31838e+08 -29.1984 2.600
2.338e+08 -29.1271 2.858
2.35778e+08 -29.285 3.138
2.37773e+08 -29.1804 -2.901
2.39785e+08 -29.2695 -2.630
2.41814e+08 -29.2002 -2.360
2.4386e+08 -29.2564 -2.088
2.45924e+08 -29.2735 -1.822
2.48005e+08 -29.2194 -1.541
2.50103e+08 -29.2899 -1.284
2.5222e+08 -29.2502 -1.001
2.54354e+08 -29.2246 -0.703
2.56506e+08 -29.2974 -0.446
2.58677e+08 -29.1934 -0.138
2.60865e+08 -29.2349 0.144
2.63073e+08 -29.2231 0.418
2.65299e+08 -29.2585 0.724
2.67544e+08 -29.2306 1.041
2.69808e+08 -29.3148 1.323
2.72091e+08 -29.0819 1.633
2.74393e+08 -29.3027 1.936
2.76715e+08 -29.4121 2.249
2.79056e+08 -29.2095 2.572
2.81418e+08 -29.2726 2.869
2.83799e+08 -29.255 -3.114
2.862e+08 -29.254 -2.782
2.88622e+08 -29.266 -2.477
2.91064e+08 -29.1987 -2.146
2.93527e+08 -29.3495 -1.816
2.96011e+08 -29.3641 -1.504
2.98515e+08 -29.3153 -1.196
3.01041e+08 -29.1811 -0.819
3.03589e+08 -29.2717 -0.506
3.06158e+08 -29.3373 -0.141
3.08748e+08 -29.2606 0.192
3.11361e+08 -29.4126 0.529
3.13995e+08 -29.3194 0.888
3.16652e+08 -29.3632 1.250
3.19332e+08 -29.4644 1.590
3.22034e+08 -29.4455 1.942
3.24759e+08 -29.3327 2.300
3.27507e+08 -29.3966 2.686
3.30278e+08 -29.3693 3.043
3.33073e+08 -29.3642 -2.891
3.35891e+08 -29.3001 -2.491
3.38733e+08 -29.4587 -2.116
3.41599e+08 -29.3627 -1.756
3.4449e+08 -29.2116 -1.361
3.47405e+08 -29.2227 -0.964
3.50345e+08 -29.4364 -0.592
3.53309e+08 -29.2086 -0.196
3.56299e+08 -29.3144 0.213
3.59313e+08 -29.3129 0.597
3.62354e+08 -29.2937 1.012
3.6542e+08 -29.2023 1.398
3.68512e+08 -29.3062 1.811
3.7163e+08 -29.2457 2.237
3.74775e+08 -29.0864 2.650
3.77946e+08 -29.1223 3.063
3.81144e+08 -29.0128 -2.789
3.84369e+08 -29.0065 -2.369
3.87622e+08 -29.0745 -1.948
3.90902e+08 -28.982 -1.524
3.94209e+08 -28.9353 -1.085
3.97545e+08 -28.9586 -0.646
4.00909e+08 -28.8845 -0.183
4.04301e+08 -28.7282 0.240
4.07722e+08 -28.7721 0.692
4.11172e+08 -29.0273 1.137
4.14651e+08 -28.7248 1.609
4.1816e+08 -28.7524 2.057
4.21698e+08 -28.9102 2.525
4.25267e+08 -28.7677 2.978
4.28865e+08 -28.8232 -2.821
4.32494e+08 -29.0696 -2.363
4.36154e+08 -28.9216 -1.882
4.39844e+08 -28.9324 -1.393
4.43566e+08 -29.0053 -0.883
4.47319e+08 -28.9753 -0.401
4.51104e+08 -28.9371 0.071
4.54922e+08 -29.1277 0.583
4.58771e+08 -29.1233 1.082
4.62653e+08 -29.345 1.591
4.66568e+08 -29.2024 2.119
4.70516e+08 -29.2516 2.629
4.74497e+08 -29.3305 -3.105
4.78512e+08 -29.4543 -2.584
4.82561e+08 -29.3481 -2.037
4.86644e+08 -29.6336 -1.526
4.90762e+08 -29.4416 -0.946
4.94915e+08 -29.4659 -0.400
4.99103e+08 -29.5213 0.155
5.03326e+08 -29.4657 0.714
5.07585e+08 -29.6287 1.255
5.1188e+08 -29.3528 1.836
5.16211e+08 -29.5734 2.430
5.20579e+08 -29.3992 2.991
5.24984e+08 -29.5444 -2.715
5.29426e+08 -29.5392 -2.128
5.33906e+08 -29.1021 -1.560
5.38424e+08 -29.3541 -0.920
5.4298e+08 -29.2737 -0.327
5.47574e+08 -29.2332 0.279
5.52208e+08 -29.2636 0.898
5.5688e+08 -29.3545 1.501
5.61593e+08 -29.1373 2.110
5.66345e+08 -29.2319 2.749
5.71137e+08 -29.3236 -2.911
5.7597e+08 -29.1406 -2.288
5.80843e+08 -29.2306 -1.637
5.85758e+08 -29.3639 -1.006
5.90715e+08 -29.3534 -0.320
5.95713e+08 -29.2994 0.324
6.00754e+08 -29.2755 1.003
6.05837e+08 -29.3699 1.655
6.10964e+08 -29.4424 2.359
6.16133e+08 -29.4816 3.056
6.21347e+08 -29.7688 -2.547
6.26604e+08 -29.7137 -1.846
6.31907e+08 -29.6151 -1.148
6.37254e+08 -29.6043 -0.423
6.42646e+08 -29.5969 0.296
6.48084e+08 -29.5147 0.997
6.53567e+08 -29.4812 1.763
6.59098e+08 -29.5797 2.496
6.64675e+08 -29.3861 -3.049
6.70299e+08 -29.3688 -2.335
6.75971e+08 -29.3523 -1.579
6.81691e+08 -29.3267 -0.822
6.87459e+08 -29.2933 -0.053
6.93276e+08 -29.0936 0.727
6.99142e+08 -29.1163 1.492
7.05058e+08 -29.1009 2.229
7.11024e+08 -29.0353 2.997
7.17041e+08 -29.2137 -2.525
7.23108e+08 -28.9897 -1.719
7.29227e+08 -29.2644 -0.923
7.35397e+08 -29.0937 -0.105
7.4162e+08 -29.0728 0.726
7.47895e+08 -29.2125 1.544
7.54224e+08 -29.2503 2.379
7.60606e+08 -29.3584 -3.077
7.67042e+08 -29.4232 -2.204
7.73532e+08 -29.4198 -1.367
7.80077e+08 -29.2827 -0.481
7.86678e+08 -29.4632 0.382
7.93335e+08 -29.5106 1.253
8.00048e+08 -29.4396 2.112
8.06817e+08 -29.3996 3.034
8.13644e+08 -29.4622 -2.345
8.20529e+08 -29.4496 -1.448
8.27472e+08 -29.281 -0.527
8.34474e+08 -29.5355 0.418
8.41535e+08 -29.5407 1.316
8.48656e+08 -29.5042 2.260
8.55837e+08 -29.504 -3.063
8.63079e+08 -29.4922 -2.116
8.70382e+08 -29.5393 -1.164
8.77747e+08 -29.481 -0.165
8.85174e+08 -29.4729 0.820
8.92664e+08 -29.4375 1.813
9.00217e+08 -29.4737 2.804
9.07835e+08 -29.342 -2.437
9.15516e+08 -29.5988 -1.415
9.23263e+08 -29.5967 -0.368
9.31076e+08 -29.5268 0.663
9.38954e+08 -29.5134 1.712
9.46899e+08 -29.5381 2.798
9.54912e+08 -29.5692 -2.450
9.62992e+08 -29.4995 -1.374
9.7114e+08 -29.8993 -0.331
9.79358e+08 -29.9071 0.752
9.87645e+08 -29.8844 1.844
9.96002e+08 -29.8018 2.950
1.00443e+09 -29.7324 -2.216
1.01293e+09 -29.6209 -1.102
1.0215e+09 -29.5054 0.034
1.03014e+09 -29.6596 1.162
1.03886e+09 -29.4878 2.325
1.04765e+09 -29.4295 -2.781
1.05652e+09 -29.303 -1.659
1.06546e+09 -29.1879 -0.478
1.07447e+09 -29.1335 0.674
1.08356e+09 -29.0404 1.848
1.09273e+09 -29.0078 3.045
1.10198e+09 -28.9907 -2.037
1.1113e+09 -29.1836 -0.860
1.12071e+09 -29.3735 0.360
1.13019e+09 -29.2684 1.614
1.13975e+09 -29.4387 2.905
1.1494e+09 -29.4593 -2.099
1.15912e+09 -29.6547 -0.810
1.16893e+09 -29.6978 0.476
1.17882e+09 -29.8289 1.780
1.1888e+09 -29.81 3.074
1.19886e+09 -29.6072 -1.877
1.209e+09 -29.701 -0.515
1.21923e+09 -29.6973 0.859
1.22955e+09 -29.7108 2.179
1.23995e+09 -29.5683 -2.699
1.25044e+09 -29.4227 -1.328
1.26102e+09 -29.4532 0.082
1.27169e+09 -29.471 1.498
1.28245e+09 -29.4233 2.974
1.29331e+09 -29.2699 -1.954
1.30425e+09 -29.1882 -0.482
1.31529e+09 -29.2546 0.967
1.32642e+09 -29.4427 2.441
1.33764e+09 -29.5273 -2.346
1.34896e+09 -29.4756 -0.825
1.36037e+09 -29.6367 0.697
1.37188e+09 -29.8384 2.235
1.38349e+09 -29.8883 -2.465
1.3952e+09 -29.7067 -0.853
1.407e+09 -29.8075 0.722
1.41891e+09 -29.8841 2.347
1.43092e+09 -29.6666 -2.371
1.44302e+09 -29.5451 -0.729
1.45523e+09 -29.6297 0.899
1.46755e+09 -29.6167 2.531
1.47997e+09 -29.7294 -2.080
1.49249e+09 -29.8678 -0.366
1.50512e+09 -29.9601 1.384
1.51785e+09 -29.825 3.118
1.5307e+09 -29.7709 -1.419
1.54365e+09 -29.5294 0.389
1.55671e+09 -29.5214 2.112
1.56988e+09 -29.2386 -2.436
1.58317e+09 -29.1374 -0.643
1.59656e+09 -29.0323 1.082
1.61007e+09 -29.3336 2.806
1.6237e+09 -29.5794 -1.705
1.63744e+09 -30.0138 -0.356
1.65129e+09 -30.284 0.473
1.66526e+09 -30.0724 2.313
1.67935e+09 -29.9762 -2.020
1.69357e+09 -29.5586 -0.114
1.7079e+09 -29.2854 1.754
1.72235e+09 -29.2252 -2.631
1.73692e+09 -29.3701 -0.750
1.75162e+09 -29.4998 1.150
1.76644e+09 -29.851 3.069
1.78139e+09 -29.9605 -1.238
1.79646e+09 -30.0205 0.718
1.81166e+09 -29.9008 2.791
1.82699e+09 -29.9357 -1.489
1.84245e+09 -29.7966 0.544
1.85804e+09 -29.9496 2.586
1.87376e+09 -29.8048 -1.546
1.88962e+09 -30.0033 0.542
1.90561e+09 -29.9126 2.772
1.92173e+09 -29.5846 -1.356
1.93799e+09 -28.931 0.769
1.95439e+09 -28.4597 2.840
1.97093e+09 -28.1871 -1.272
1.98761e+09 -28.6147 0.804
2.00442e+09 -29.1256 3.018
2.02139e+09 -30.2482 -1.003
2.03849e+09 -31.1035 1.326
2.05574e+09 -31.3023 -2.602
2.07313e+09 -30.5985 -0.207
2.09068e+09 -29.7292 2.182
2.10837e+09 -29.0236 -1.829
2.12621e+09 -28.7396 0.472
2.1442e+09 -28.9509 2.802
2.16234e+09 -29.5248 -1.132
2.18064e+09 -29.8732 1.379
2.19909e+09 -30.1639 -2.417
2.2177e+09 -29.2259 -0.198
2.23646e+09 -28.3154 2.297
2.25539e+09 -27.8301 -1.628
2.27447e+09 -27.8689 0.765
2.29372e+09 -28.2753 -3.127
2.31313e+09 -28.3476 -0.541
2.3327e+09 -27.6991 1.985
2.35244e+09 -27.1542 -1.713
2.37234e+09 -27.1312 0.869
2.39242e+09 -27.7784 -2.888
2.41266e+09 -28.825 -0.337
2.43308e+09 -29.5245 2.438
2.45366e+09 -29.5355 -1.081
2.47443e+09 -28.6445 1.712
2.49536e+09 -27.5914 -1.828
2.51648e+09 -26.5582 0.800
2.53777e+09 -26.3942 -2.787
2.55925e+09 -27.1538 0.033
2.5809e+09 -27.9846 2.903
2.60274e+09 -27.5656 -0.329
2.62476e+09 -26.5338 2.596
2.64697e+09 -25.7339 -0.901
2.66937e+09 -26.3329 1.953
2.69196e+09 -27.844 -1.409
2.71474e+09 -29.0686 1.753
2.73771e+09 -28.624 -1.363
2.76087e+09 -27.506 1.739
2.78424e+09 -27.4171 -1.533
2.8078e+09 -28.3371 1.551
2.83155e+09 -29.6551 -1.531
2.85551e+09 -29.9675 1.807
2.87968e+09 -28.5499 -1.252
2.90404e+09 -27.677 1.904
2.92862e+09 -27.3983 -1.309
2.9534e+09 -28.2655 1.830
2.97839e+09 -29.8474 -0.997
3.00359e+09 -29.3432 2.588
3.02901e+09 -28.3348 -0.394
3.05464e+09 -28.7552 2.943
3.08048e+09 -30.676 0.098
3.10655e+09 -32.087 -2.523
3.13284e+09 -31.1541 1.163
3.15934e+09 -29.2785 -1.584
3.18608e+09 -29.0098 1.784
3.21304e+09 -29.6842 -1.033
3.24022e+09 -30.86 2.708
3.26764e+09 -31.0973 0.348
3.29529e+09 -30.0178 -2.349
3.32318e+09 -29.3356 1.282
3.3513e+09 -30.4836 -1.422
3.37965e+09 -32.3994 2.507
3.40825e+09 -32.068 0.375
3.43709e+09 -31.4731 -1.966
3.46617e+09 -31.871 1.927
3.4955e+09 -32.7501 -0.347
3.52508e+09 -32.4507 -2.400
3.55491e+09 -31.6001 1.762
3.58499e+09 -31.185 -0.733
3.61532e+09 -31.843 -3.022
3.64592e+09 -33.2446 1.233
3.67677e+09 -33.1128 -0.740
3.70788e+09 -32.9777 -2.782
3.73925e+09 -34.432 1.347
3.77089e+09 -35.6487 -0.467
3.8028e+09 -35.0759 -2.110
3.83498e+09 -33.7698 2.419
3.86743e+09 -33.2568 0.380
3.90015e+09 -33.332 -1.420
3.93316e+09 -34.2712 3.038
3.96644e+09 -34.4263 1.428
4e+09 -34.5625 -0.336
# failures 0, mismatches 0
