1.375e+08 -41.0104 2.732
1.38663e+08 -39.5866 2.990
1.39837e+08 -40.0762 3.089
1.4102e+08 -40.5084 -3.066
1.42213e+08 -40.8233 -2.874
1.43417e+08 -39.9327 -2.657
1.4463e+08 -40.6594 -2.603
1.45854e+08 -39.9823 -2.424
1.47088e+08 -40.0734 -2.205
1.48333e+08 -40.6211 -2.100
1.49588e+08 -40.5158 -1.971
1.50854e+08 -40.8547 -1.798
1.5213e+08 -40.1096 -1.596
1.53417e+08 -40.1585 -1.411
1.54716e+08 -40.7831 -1.292
1.56025e+08 -40.2942 -1.084
1.57345e+08 -40.2737 -0.889
1.58676e+08 -39.7624 -0.768
1.60019e+08 -40.5184 -0.559
1.61373e+08 -39.7117 -0.388
1.62739e+08 -39.867 -0.194
1.64116e+08 -39.8059 -0.015
1.65504e+08 -40.2731 0.196
1.66905e+08 -39.8397 0.409
1.68317e+08 -40.2334 0.561
1.69741e+08 -40.2623 0.732
1.71178e+08 -40.496 0.926
1.72626e+08 -40.1199 1.084
1.74087e+08 -40.1489 1.273
1.7556e+08 -39.6218 1.483
1.77045e+08 -40.5449 1.625
1.78543e+08 -40.527 1.862
1.80054e+08 -40.1401 2.079
1.81578e+08 -41.0126 2.337
1.83114e+08 -40.0926 2.510
1.84664e+08 -40.021 2.687
1.86226e+08 -40.4201 2.896
1.87802e+08 -40.3074 3.119
1.89391e+08 -40.454 -3.019
1.90994e+08 -40.1978 -2.730
1.9261e+08 -40.2387 -2.535
1.9424e+08 -40.4415 -2.294
1.95883e+08 -40.3256 -2.126
1.97541e+08 -40.6574 -1.852
1.99212e+08 -39.9576 -1.636
2.00898e+08 -41.3763 -1.489
2.02598e+08 -40.4091 -1.236
2.04312e+08 -40.5929 -1.034
2.06041e+08 -40.4439 -0.822
2.07784e+08 -40.8171 -0.563
2.09543e+08 -39.7756 -0.290
2.11316e+08 -40.3506 -0.091
2.13104e+08 -40.7982 0.131
2.14907e+08 -40.2368 0.417
2.16725e+08 -40.9184 0.597
2.18559e+08 -40.2425 0.873
2.20409e+08 -40.668 1.106
2.22274e+08 -39.9502 1.359
2.24155e+08 -40.8818 1.582
2.26051e+08 -40.5486 1.874
2.27964e+08 -40.9364 2.105
2.29893e+08 -40.4188 2.407
2.31838e+08 -40.6917 2.591
2.338e+08 -40.4834 2.867
2.35778e+08 -40.4264 3.088
2.37773e+08 -40.3889 -2.897
2.39785e+08 -41.3864 -2.604
2.41814e+08 -40.4386 -2.375
2.4386e+08 -40.7031 -2.066
2.45924e+08 -40.18 -1.831
2.48005e+08 -40.5451 -1.478
2.50103e+08 -40.5476 -1.295
2.5222e+08 -40.4438 -0.946
2.54354e+08 -40.8535 -0.730
2.56506e+08 -40.8207 -0.396
2.58677e+08 -41.3038 -0.175
2.60865e+08 -40.5988 0.156
2.63073e+08 -40.5671 0.469
2.65299e+08 -40.9752 0.802
2.67544e+08 -40.177 1.071
2.69808e+08 -40.3111 1.359
2.72091e+08 -41.0286 1.725
2.74393e+08 -40.5022 1.955
2.76715e+08 -40.7152 2.276
2.79056e+08 -40.59 2.609
2.81418e+08 -40.4757 2.890
2.83799e+08 -40.5966 -3.079
2.862e+08 -40.7679 -2.845
2.88622e+08 -40.5567 -2.468
2.91064e+08 -40.551 -2.101
2.93527e+08 -40.292 -1.767
2.96011e+08 -40.9839 -1.447
2.98515e+08 -40.6892 -1.178
3.01041e+08 -41.0814 -0.755
3.03589e+08 -40.3164 -0.489
3.06158e+08 -40.4878 -0.079
3.08748e+08 -40.6691 0.196
3.11361e+08 -40.3895 0.587
3.13995e+08 -40.5537 0.904
3.16652e+08 -40.2332 1.178
3.19332e+08 -40.5702 1.613
3.22034e+08 -40.4404 2.039
3.24759e+08 -40.4035 2.323
3.27507e+08 -40.6752 2.749
3.30278e+08 -40.2992 3.077
3.33073e+08 -40.9349 -2.821
3.35891e+08 -40.7148 -2.457
3.38733e+08 -40.6118 -2.082
3.41599e+08 -40.2626 -1.687
3.4449e+08 -40.4463 -1.322
3.47405e+08 -40.5514 -0.934
3.50345e+08 -40.3685 -0.578
3.53309e+08 -40.2073 -0.135
3.56299e+08 -40.934 0.242
3.59313e+08 -40.3328 0.590
3.62354e+08 -40.2848 1.086
3.6542e+08 -40.8721 1.437
3.68512e+08 -40.4567 1.871
3.7163e+08 -40.0615 2.276
3.74775e+08 -40.6489 2.721
3.77946e+08 -40.4932 -3.104
3.81144e+08 -40.3051 -2.763
3.84369e+08 -40.8304 -2.377
3.87622e+08 -39.9001 -1.890
3.90902e+08 -40.4288 -1.565
3.94209e+08 -40.9058 -0.999
3.97545e+08 -41.317 -0.574
4.00909e+08 -40.3886 -0.163
4.04301e+08 -40.3604 0.255
4.07722e+08 -40.1757 0.692
4.11172e+08 -40.0278 1.179
4.14651e+08 -39.9207 1.625
4.1816e+08 -40.0134 2.083
4.21698e+08 -40.2388 2.556
4.25267e+08 -39.6684 3.044
4.28865e+08 -39.6769 -2.871
4.32494e+08 -39.3887 -2.315
4.36154e+08 -39.8273 -1.854
4.39844e+08 -39.9224 -1.357
4.43566e+08 -39.9154 -0.848
4.47319e+08 -41.054 -0.397
4.51104e+08 -40.0479 0.091
4.54922e+08 -40.2499 0.563
4.58771e+08 -40.805 1.156
4.62653e+08 -40.4721 1.661
4.66568e+08 -40.7908 2.167
4.70516e+08 -41.1761 2.705
4.74497e+08 -40.7103 -3.027
4.78512e+08 -41.1619 -2.516
4.82561e+08 -40.9893 -2.017
4.86644e+08 -40.4316 -1.514
4.90762e+08 -40.1292 -0.953
4.94915e+08 -41.1201 -0.365
4.99103e+08 -40.835 0.251
5.03326e+08 -40.397 0.736
5.07585e+08 -40.8143 1.302
5.1188e+08 -40.4944 1.893
5.16211e+08 -41.4042 2.450
5.20579e+08 -40.5887 3.048
5.24984e+08 -40.6135 -2.637
5.29426e+08 -40.9248 -2.144
5.33906e+08 -40.7446 -1.444
5.38424e+08 -40.1838 -0.930
5.4298e+08 -40.5695 -0.287
5.47574e+08 -41.0061 0.288
5.52208e+08 -40.3953 0.919
5.5688e+08 -40.3389 1.552
5.61593e+08 -40.6009 2.147
5.66345e+08 -40.2893 2.819
5.71137e+08 -40.0491 -2.877
5.7597e+08 -40.9071 -2.176
5.80843e+08 -40.786 -1.596
5.85758e+08 -40.6397 -0.861
5.90715e+08 -40.6377 -0.274
5.95713e+08 -41.2254 0.319
6.00754e+08 -40.5636 1.114
6.05837e+08 -40.4528 1.828
6.10964e+08 -40.7441 2.375
6.16133e+08 -41.1547 3.050
6.21347e+08 -41.2548 -2.493
6.26604e+08 -40.4024 -1.780
6.31907e+08 -41.4786 -1.082
6.37254e+08 -41.3328 -0.353
6.42646e+08 -41.1953 0.314
6.48084e+08 -41.6673 1.024
6.53567e+08 -40.9549 1.809
6.59098e+08 -41.1138 2.548
6.64675e+08 -41.0527 -3.007
6.70299e+08 -40.4394 -2.252
6.75971e+08 -40.716 -1.439
6.81691e+08 -40.5478 -0.800
6.87459e+08 -40.8114 0.009
6.93276e+08 -40.5887 0.745
6.99142e+08 -40.2256 1.607
7.05058e+08 -40.4349 2.305
7.11024e+08 -40.527 3.130
7.17041e+08 -41.1915 -2.450
7.23108e+08 -40.6583 -1.607
7.29227e+08 -39.8602 -0.864
7.35397e+08 -39.8552 -0.061
7.4162e+08 -40.7504 0.802
7.47895e+08 -40.5361 1.615
7.54224e+08 -40.6325 2.467
7.60606e+08 -40.614 -3.033
7.67042e+08 -40.9254 -2.142
7.73532e+08 -41.1903 -1.337
7.80077e+08 -40.5934 -0.463
7.86678e+08 -41.5157 0.383
7.93335e+08 -40.2997 1.353
8.00048e+08 -41.0053 2.174
8.06817e+08 -40.7812 3.085
8.13644e+08 -40.974 -2.279
8.20529e+08 -40.7435 -1.305
8.27472e+08 -41.0181 -0.536
8.34474e+08 -41.3334 0.443
8.41535e+08 -41.0153 1.386
8.48656e+08 -40.7568 2.387
8.55837e+08 -40.3602 -3.018
8.63079e+08 -41.2173 -2.032
8.70382e+08 -41.4013 -1.070
8.77747e+08 -41.0246 -0.105
8.85174e+08 -40.5557 0.906
8.92664e+08 -40.6659 1.899
9.00217e+08 -40.6332 2.894
9.07835e+08 -40.5823 -2.362
9.15516e+08 -40.6739 -1.318
9.23263e+08 -40.871 -0.311
9.31076e+08 -40.9563 0.751
9.38954e+08 -40.2639 1.837
9.46899e+08 -40.6094 2.888
9.54912e+08 -41.1388 -2.333
9.62992e+08 -40.517 -1.316
9.7114e+08 -41.2652 -0.246
9.79358e+08 -41.0585 0.825
9.87645e+08 -40.7166 1.980
9.96002e+08 -41.3777 2.988
1.00443e+09 -41.4086 -2.158
1.01293e+09 -40.8891 -0.961
1.0215e+09 -40.7946 0.090
1.03014e+09 -41.2118 1.195
1.03886e+09 -41.4858 2.442
1.04765e+09 -41.5502 -2.676
1.05652e+09 -41.0293 -1.562
1.06546e+09 -40.169 -0.450
1.07447e+09 -40.1383 0.829
1.08356e+09 -40.3986 1.974
1.09273e+09 -40.3027 -3.127
1.10198e+09 -40.4931 -1.983
1.1113e+09 -40.5915 -0.790
1.12071e+09 -40.2662 0.460
1.13019e+09 -40.3327 1.686
1.13975e+09 -41.1193 2.967
1.1494e+09 -40.8136 -2.004
1.15912e+09 -41.2957 -0.760
1.16893e+09 -40.6887 0.645
1.17882e+09 -40.9204 1.833
1.1888e+09 -41.0564 -3.106
1.19886e+09 -41.2927 -1.694
1.209e+09 -40.9319 -0.491
1.21923e+09 -41.0461 0.967
1.22955e+09 -40.1379 2.310
1.23995e+09 -40.9145 -2.603
1.25044e+09 -40.1091 -1.286
1.26102e+09 -40.404 0.203
1.27169e+09 -40.958 1.660
1.28245e+09 -40.7248 2.958
1.29331e+09 -40.9714 -1.858
1.30425e+09 -40.9831 -0.360
1.31529e+09 -40.5264 1.028
1.32642e+09 -40.3225 2.553
1.33764e+09 -40.3228 -2.303
1.34896e+09 -41.0111 -0.795
1.36037e+09 -40.9161 0.803
1.37188e+09 -40.88 2.366
1.38349e+09 -40.6105 -2.452
1.3952e+09 -40.9567 -0.753
1.407e+09 -40.8878 0.815
1.41891e+09 -41.3301 2.441
1.43092e+09 -41.5708 -2.296
1.44302e+09 -40.9864 -0.585
1.45523e+09 -40.9945 1.011
1.46755e+09 -41.1298 2.662
1.47997e+09 -40.923 -1.939
1.49249e+09 -41.044 -0.261
1.50512e+09 -41.2321 1.489
1.51785e+09 -41.1842 -3.017
1.5307e+09 -41.2137 -1.232
1.54365e+09 -41.1441 0.424
1.55671e+09 -40.5139 2.198
1.56988e+09 -40.543 -2.260
1.58317e+09 -40.4285 -0.581
1.59656e+09 -40.1215 1.210
1.61007e+09 -40.4934 2.954
1.6237e+09 -41.1803 -1.571
1.63744e+09 -41.2493 -0.034
1.65129e+09 -41.5728 0.623
1.66526e+09 -41.7364 2.478
1.67935e+09 -40.8157 -1.865
1.69357e+09 -41.1196 -0.006
1.7079e+09 -41.0989 1.821
1.72235e+09 -40.3357 -2.512
1.73692e+09 -40.6093 -0.587
1.75162e+09 -40.5725 1.347
1.76644e+09 -40.8189 -3.087
1.78139e+09 -41.0476 -1.103
1.79646e+09 -41.5568 0.849
1.81166e+09 -41.2463 2.906
1.82699e+09 -41.1285 -1.406
1.84245e+09 -41.6874 0.749
1.85804e+09 -41.236 2.757
1.87376e+09 -40.8202 -1.342
1.88962e+09 -41.2639 0.724
1.90561e+09 -41.4032 2.893
1.92173e+09 -40.3976 -1.211
1.93799e+09 -40.718 0.984
1.95439e+09 -40.0115 3.060
1.97093e+09 -39.8214 -1.115
1.98761e+09 -39.7031 0.967
2.00442e+09 -39.9361 -3.105
2.02139e+09 -41.8386 -0.875
2.03849e+09 -41.9558 1.499
2.05574e+09 -43.1237 -2.499
2.07313e+09 -42.5428 -0.001
2.09068e+09 -41.0862 2.344
2.10837e+09 -40.6183 -1.590
2.12621e+09 -40.5934 0.679
2.1442e+09 -40.1794 2.983
2.16234e+09 -40.6955 -0.943
2.18064e+09 -41.6456 1.553
2.19909e+09 -41.7251 -2.263
2.2177e+09 -40.2875 -0.034
2.23646e+09 -39.8411 2.478
2.25539e+09 -38.9512 -1.428
2.27447e+09 -39.2175 1.009
2.29372e+09 -39.4108 -2.905
2.31313e+09 -39.576 -0.339
2.3327e+09 -39.6814 2.210
2.35244e+09 -38.2795 -1.540
2.37234e+09 -38.6423 1.039
2.39242e+09 -39.0033 -2.710
2.41266e+09 -39.2692 -0.252
2.43308e+09 -41.0852 2.648
2.45366e+09 -41.1 -0.889
2.47443e+09 -39.7728 1.927
2.49536e+09 -39.0402 -1.655
2.51648e+09 -38.4925 1.047
2.53777e+09 -37.727 -2.501
2.55925e+09 -38.5419 0.235
2.5809e+09 -39.2957 -3.128
2.60274e+09 -38.8513 -0.104
2.62476e+09 -37.9835 2.825
2.64697e+09 -37.064 -0.683
2.66937e+09 -37.8765 2.220
2.69196e+09 -39.1325 -1.197
2.71474e+09 -41.1821 1.883
2.73771e+09 -39.902 -1.170
2.76087e+09 -38.8573 1.919
2.78424e+09 -38.6824 -1.347
2.8078e+09 -39.8482 1.762
2.83155e+09 -41.2974 -1.234
2.85551e+09 -41.6289 1.933
2.87968e+09 -40.4651 -1.028
2.90404e+09 -39.0145 2.180
2.92862e+09 -38.6168 -1.056
2.9534e+09 -40.1984 2.147
2.97839e+09 -41.6971 -0.707
3.00359e+09 -40.4239 2.900
3.02901e+09 -39.6429 -0.073
3.05464e+09 -39.7109 -3.099
3.08048e+09 -42.253 0.405
3.10655e+09 -43.7688 -2.204
3.13284e+09 -42.743 1.405
3.15934e+09 -41.1796 -1.265
3.18608e+09 -40.7367 2.138
3.21304e+09 -41.4762 -0.683
3.24022e+09 -42.3238 3.047
3.26764e+09 -42.867 0.730
3.29529e+09 -41.4201 -1.925
3.32318e+09 -40.4939 1.651
3.3513e+09 -42.2511 -1.012
3.37965e+09 -44.1612 2.901
3.40825e+09 -43.7286 0.665
3.43709e+09 -43.4609 -1.623
3.46617e+09 -43.2347 2.227
3.4955e+09 -44.2295 0.035
3.52508e+09 -43.9477 -2.008
3.55491e+09 -42.6705 2.174
3.58499e+09 -42.6292 -0.364
3.61532e+09 -41.8715 -2.518
3.64592e+09 -44.9257 1.679
3.67677e+09 -44.2978 -0.167
3.70788e+09 -44.7277 -2.340
3.73925e+09 -46.531 1.887
3.77089e+09 -47.5907 -0.073
3.8028e+09 -45.7507 -1.688
3.83498e+09 -43.9028 2.896
3.86743e+09 -43.4904 0.742
3.90015e+09 -43.8847 -1.003
3.93316e+09 -45.5517 -2.866
3.96644e+09 -45.4248 1.966
4e+09 -45.7568 0.066
# failures 0, mismatches 0
