1.375e+08 -40.0512 2.820
1.38663e+08 -40.3757 2.896
1.39837e+08 -40.2755 3.133
1.4102e+08 -40.2366 -3.024
1.42213e+08 -40.3146 -2.896
1.43417e+08 -39.659 -2.736
1.4463e+08 -40.3361 -2.549
1.45854e+08 -40.2823 -2.384
1.47088e+08 -40.0169 -2.221
1.48333e+08 -40.4193 -2.030
1.49588e+08 -40.2506 -1.916
1.50854e+08 -40.6646 -1.716
1.5213e+08 -40.2859 -1.556
1.53417e+08 -40.0901 -1.396
1.54716e+08 -40.1808 -1.181
1.56025e+08 -40.3185 -1.095
1.57345e+08 -40.0324 -0.848
1.58676e+08 -40.2375 -0.693
1.60019e+08 -40.4065 -0.529
1.61373e+08 -40.3427 -0.354
1.62739e+08 -40.5289 -0.164
1.64116e+08 -40.2024 0.008
1.65504e+08 -39.98 0.233
1.66905e+08 -39.8912 0.352
1.68317e+08 -39.8887 0.594
1.69741e+08 -39.7045 0.788
1.71178e+08 -39.6316 0.901
1.72626e+08 -40.0071 1.117
1.74087e+08 -39.953 1.350
1.7556e+08 -39.9115 1.505
1.77045e+08 -39.9089 1.678
1.78543e+08 -40.5984 1.883
1.80054e+08 -40.0173 2.096
1.81578e+08 -40.3198 2.298
1.83114e+08 -40.0492 2.525
1.84664e+08 -40.0773 2.717
1.86226e+08 -40.3926 2.950
1.87802e+08 -40.3092 3.061
1.89391e+08 -40.0828 -2.961
1.90994e+08 -40.4914 -2.765
1.9261e+08 -40.3229 -2.530
1.9424e+08 -40.3735 -2.258
1.95883e+08 -40.1793 -2.096
1.97541e+08 -40.1038 -1.857
1.99212e+08 -40.4554 -1.674
2.00898e+08 -39.8492 -1.414
2.02598e+08 -40.2379 -1.185
2.04312e+08 -40.355 -0.988
2.06041e+08 -39.9079 -0.762
2.07784e+08 -40.0448 -0.517
2.09543e+08 -40.3749 -0.271
2.11316e+08 -40.3484 -0.086
2.13104e+08 -40.2191 0.147
2.14907e+08 -39.9532 0.377
2.16725e+08 -40.0519 0.653
2.18559e+08 -40.242 0.933
2.20409e+08 -40.1393 1.145
2.22274e+08 -39.9931 1.404
2.24155e+08 -39.9952 1.603
2.26051e+08 -40.0399 1.862
2.27964e+08 -40.0886 2.102
2.29893e+08 -39.9601 2.349
2.31838e+08 -40.0997 2.672
2.338e+08 -40.1118 2.879
2.35778e+08 -40.0733 -3.139
2.37773e+08 -40.3087 -2.844
2.39785e+08 -40.4078 -2.638
2.41814e+08 -40.3375 -2.290
2.4386e+08 -40.3803 -2.056
2.45924e+08 -40.4408 -1.796
2.48005e+08 -40.5568 -1.469
2.50103e+08 -40.7295 -1.247
2.5222e+08 -40.1633 -0.982
2.54354e+08 -40.4607 -0.610
2.56506e+08 -40.0406 -0.411
2.58677e+08 -40.3712 -0.122
2.60865e+08 -40.5251 0.222
2.63073e+08 -40.4706 0.500
2.65299e+08 -40.2128 0.784
2.67544e+08 -40.7626 1.054
2.69808e+08 -40.4622 1.356
2.72091e+08 -40.4573 1.669
2.74393e+08 -40.2523 2.032
2.76715e+08 -40.3011 2.262
2.79056e+08 -40.2747 2.565
2.81418e+08 -40.7426 2.913
2.83799e+08 -40.0236 -3.051
2.862e+08 -40.7114 -2.785
2.88622e+08 -40.5424 -2.451
2.91064e+08 -40.4319 -2.148
2.93527e+08 -40.5314 -1.812
2.96011e+08 -40.1614 -1.496
2.98515e+08 -40.2725 -1.119
3.01041e+08 -40.3837 -0.742
3.03589e+08 -40.1611 -0.425
3.06158e+08 -40.9919 -0.080
3.08748e+08 -40.2435 0.196
3.11361e+08 -40.4124 0.602
3.13995e+08 -40.5859 0.889
3.16652e+08 -40.6108 1.279
3.19332e+08 -40.521 1.646
3.22034e+08 -40.4751 1.990
3.24759e+08 -40.2739 2.343
3.27507e+08 -40.1978 2.701
3.30278e+08 -40.4894 3.127
3.33073e+08 -40.8957 -2.889
3.35891e+08 -40.5393 -2.459
3.38733e+08 -40.2489 -2.102
3.41599e+08 -40.366 -1.704
3.4449e+08 -40.2602 -1.324
3.47405e+08 -40.9177 -0.889
3.50345e+08 -39.9638 -0.593
3.53309e+08 -40.6511 -0.123
3.56299e+08 -40.3628 0.315
3.59313e+08 -40.5957 0.660
3.62354e+08 -40.2343 1.101
3.6542e+08 -39.9814 1.502
3.68512e+08 -40.3218 1.871
3.7163e+08 -40.2012 2.252
3.74775e+08 -39.8891 2.771
3.77946e+08 -40.053 3.102
3.81144e+08 -39.8188 -2.767
3.84369e+08 -40.4202 -2.293
3.87622e+08 -40.1585 -1.888
3.90902e+08 -40.152 -1.452
3.94209e+08 -40.0817 -1.018
3.97545e+08 -40.067 -0.579
4.00909e+08 -39.962 -0.163
4.04301e+08 -40.2387 0.311
4.07722e+08 -39.974 0.756
4.11172e+08 -39.9763 1.204
4.14651e+08 -39.9723 1.671
4.1816e+08 -39.9261 2.104
4.21698e+08 -39.7608 2.607
4.25267e+08 -40.2283 3.027
4.28865e+08 -39.9932 -2.806
4.32494e+08 -39.8529 -2.251
4.36154e+08 -40.1163 -1.833
4.39844e+08 -40.0835 -1.355
4.43566e+08 -40.1749 -0.809
4.47319e+08 -39.6971 -0.325
4.51104e+08 -40.0664 0.155
4.54922e+08 -39.8568 0.613
4.58771e+08 -40.2213 1.199
4.62653e+08 -39.9407 1.642
4.66568e+08 -40.4531 2.203
4.70516e+08 -40.2332 2.711
4.74497e+08 -40.6235 -3.028
4.78512e+08 -40.3268 -2.488
4.82561e+08 -40.7803 -1.959
4.86644e+08 -40.891 -1.451
4.90762e+08 -40.672 -0.817
4.94915e+08 -40.5211 -0.379
4.99103e+08 -40.4205 0.227
5.03326e+08 -40.5274 0.780
5.07585e+08 -40.5888 1.338
5.1188e+08 -40.7758 1.935
5.16211e+08 -40.9126 2.489
5.20579e+08 -40.4573 3.052
5.24984e+08 -40.6002 -2.634
5.29426e+08 -40.6016 -2.033
5.33906e+08 -40.5899 -1.421
5.38424e+08 -40.1922 -0.906
5.4298e+08 -40.3224 -0.254
5.47574e+08 -40.2697 0.356
5.52208e+08 -40.4393 0.963
5.5688e+08 -40.4794 1.545
5.61593e+08 -40.0947 2.165
5.66345e+08 -40.1765 2.801
5.71137e+08 -40.6654 -2.795
5.7597e+08 -40.2819 -2.218
5.80843e+08 -40.1645 -1.518
5.85758e+08 -40.3362 -0.918
5.90715e+08 -40.5452 -0.226
5.95713e+08 -40.6787 0.396
6.00754e+08 -40.1856 1.083
6.05837e+08 -40.344 1.775
6.10964e+08 -40.5509 2.402
6.16133e+08 -40.5019 -3.139
6.21347e+08 -40.6378 -2.457
6.26604e+08 -40.5056 -1.760
6.31907e+08 -40.7087 -1.076
6.37254e+08 -40.8462 -0.385
6.42646e+08 -40.8589 0.402
6.48084e+08 -41.0124 1.119
6.53567e+08 -40.5574 1.831
6.59098e+08 -40.7897 2.584
6.64675e+08 -40.3941 -2.993
6.70299e+08 -40.6162 -2.242
6.75971e+08 -40.6256 -1.462
6.81691e+08 -40.2426 -0.719
6.87459e+08 -40.3036 0.034
6.93276e+08 -40.0649 0.837
6.99142e+08 -39.5962 1.566
7.05058e+08 -40.1888 2.306
7.11024e+08 -40.1922 3.075
7.17041e+08 -40.0112 -2.442
7.23108e+08 -40.2029 -1.625
7.29227e+08 -39.7235 -0.846
7.35397e+08 -39.7569 0.006
7.4162e+08 -40.1429 0.857
7.47895e+08 -39.8802 1.635
7.54224e+08 -40.3028 2.504
7.60606e+08 -40.3561 -2.964
7.67042e+08 -40.3868 -2.132
7.73532e+08 -40.2036 -1.214
7.80077e+08 -40.7291 -0.350
7.86678e+08 -40.3621 0.451
7.93335e+08 -40.7118 1.353
8.00048e+08 -40.7662 2.233
8.06817e+08 -40.3231 -3.135
8.13644e+08 -40.1635 -2.292
8.20529e+08 -40.3599 -1.341
8.27472e+08 -40.0984 -0.440
8.34474e+08 -40.5417 0.484
8.41535e+08 -40.8097 1.376
8.48656e+08 -40.1719 2.335
8.55837e+08 -40.6081 -2.998
8.63079e+08 -40.5628 -2.008
8.70382e+08 -40.4762 -1.067
8.77747e+08 -40.6854 -0.100
8.85174e+08 -40.4858 0.906
8.92664e+08 -40.5091 1.899
9.00217e+08 -40.6459 2.904
9.07835e+08 -40.4103 -2.369
9.15516e+08 -40.6243 -1.380
9.23263e+08 -40.3615 -0.260
9.31076e+08 -40.2772 0.746
9.38954e+08 -40.4374 1.803
9.46899e+08 -40.636 2.929
9.54912e+08 -40.4412 -2.333
9.62992e+08 -40.6406 -1.314
9.7114e+08 -40.3693 -0.222
9.79358e+08 -40.8285 0.903
9.87645e+08 -40.6218 1.959
9.96002e+08 -40.5323 3.014
1.00443e+09 -40.7855 -2.123
1.01293e+09 -40.7512 -0.982
1.0215e+09 -40.7894 0.092
1.03014e+09 -40.2394 1.307
1.03886e+09 -40.5644 2.471
1.04765e+09 -40.2874 -2.665
1.05652e+09 -40.1874 -1.541
1.06546e+09 -40.0512 -0.349
1.07447e+09 -39.8197 0.781
1.08356e+09 -40.0577 1.990
1.09273e+09 -40.4045 -3.127
1.10198e+09 -40.0261 -1.941
1.1113e+09 -39.906 -0.750
1.12071e+09 -39.8491 0.485
1.13019e+09 -40.9577 1.737
1.13975e+09 -40.4326 2.990
1.1494e+09 -40.3778 -2.000
1.15912e+09 -40.3233 -0.697
1.16893e+09 -40.7344 0.601
1.17882e+09 -40.4726 1.900
1.1888e+09 -40.7871 -3.075
1.19886e+09 -41.0934 -1.774
1.209e+09 -40.4024 -0.440
1.21923e+09 -40.8226 0.929
1.22955e+09 -40.3615 2.287
1.23995e+09 -40.53 -2.576
1.25044e+09 -39.9555 -1.192
1.26102e+09 -40.3373 0.179
1.27169e+09 -40.4699 1.595
1.28245e+09 -40.3875 3.072
1.29331e+09 -40.4014 -1.850
1.30425e+09 -40.1336 -0.366
1.31529e+09 -40.3806 1.061
1.32642e+09 -40.1728 2.560
1.33764e+09 -40.5382 -2.244
1.34896e+09 -40.0575 -0.735
1.36037e+09 -40.2683 0.838
1.37188e+09 -40.8942 2.346
1.38349e+09 -40.6622 -2.393
1.3952e+09 -40.6453 -0.718
1.407e+09 -40.8723 0.797
1.41891e+09 -40.6876 2.503
1.43092e+09 -40.9 -2.180
1.44302e+09 -40.7707 -0.667
1.45523e+09 -40.2479 0.993
1.46755e+09 -40.2699 2.643
1.47997e+09 -41.1462 -1.957
1.49249e+09 -40.6471 -0.285
1.50512e+09 -40.6953 1.473
1.51785e+09 -41.0903 -3.016
1.5307e+09 -40.3091 -1.277
1.54365e+09 -40.36 0.558
1.55671e+09 -40.2619 2.288
1.56988e+09 -40.1572 -2.277
1.58317e+09 -40.1112 -0.519
1.59656e+09 -40.3357 1.207
1.61007e+09 -40.693 2.993
1.6237e+09 -40.6654 -1.544
1.63744e+09 -41.1108 -0.071
1.65129e+09 -41.207 0.617
1.66526e+09 -41.1752 2.403
1.67935e+09 -40.9047 -1.900
1.69357e+09 -40.4095 0.053
1.7079e+09 -40.3209 1.864
1.72235e+09 -40.4532 -2.494
1.73692e+09 -40.2016 -0.578
1.75162e+09 -40.5982 1.346
1.76644e+09 -40.89 -3.024
1.78139e+09 -40.8605 -1.084
1.79646e+09 -41.2157 0.897
1.81166e+09 -41.2146 2.978
1.82699e+09 -41.279 -1.363
1.84245e+09 -41.493 0.690
1.85804e+09 -40.9041 2.793
1.87376e+09 -41.226 -1.312
1.88962e+09 -40.9461 0.704
1.90561e+09 -41.1909 2.869
1.92173e+09 -40.3956 -1.176
1.93799e+09 -40.2794 0.949
1.95439e+09 -39.6157 3.015
1.97093e+09 -39.0684 -1.113
1.98761e+09 -39.3181 1.004
2.00442e+09 -40.4486 -3.098
2.02139e+09 -41.0642 -0.836
2.03849e+09 -42.4069 1.487
2.05574e+09 -42.4286 -2.493
2.07313e+09 -42.0116 -0.047
2.09068e+09 -40.5817 2.369
2.10837e+09 -40.0725 -1.655
2.12621e+09 -39.7907 0.685
2.1442e+09 -39.5508 2.991
2.16234e+09 -40.5985 -0.870
2.18064e+09 -41.2392 1.636
2.19909e+09 -41.7147 -2.262
2.2177e+09 -39.9047 0.009
2.23646e+09 -39.507 2.501
2.25539e+09 -38.7535 -1.425
2.27447e+09 -39.1209 0.965
2.29372e+09 -39.2562 -2.890
2.31313e+09 -39.4863 -0.323
2.3327e+09 -38.6332 2.184
2.35244e+09 -38.0067 -1.496
2.37234e+09 -38.0179 1.066
2.39242e+09 -38.8942 -2.689
2.41266e+09 -39.9464 -0.104
2.43308e+09 -40.4534 2.653
2.45366e+09 -40.5687 -0.815
2.47443e+09 -39.439 1.981
2.49536e+09 -38.5113 -1.568
2.51648e+09 -37.7163 1.104
2.53777e+09 -37.4439 -2.550
2.55925e+09 -38.3388 0.258
2.5809e+09 -39.2422 -3.125
2.60274e+09 -38.5929 -0.091
2.62476e+09 -37.6819 2.860
2.64697e+09 -37.0522 -0.636
2.66937e+09 -37.7052 2.193
2.69196e+09 -39.3753 -1.169
2.71474e+09 -40.5126 2.022
2.73771e+09 -39.8343 -1.095
2.76087e+09 -38.1774 1.997
2.78424e+09 -38.4806 -1.302
2.8078e+09 -39.4346 1.818
2.83155e+09 -40.7786 -1.240
2.85551e+09 -41.0772 2.090
2.87968e+09 -39.8643 -0.861
2.90404e+09 -38.8559 2.232
2.92862e+09 -38.9023 -0.975
2.9534e+09 -39.6364 2.235
2.97839e+09 -40.8196 -0.616
3.00359e+09 -40.5881 2.964
3.02901e+09 -39.6496 -0.044
3.05464e+09 -39.8714 -3.021
3.08048e+09 -42.1094 0.430
3.10655e+09 -43.5987 -2.098
3.13284e+09 -42.3564 1.488
3.15934e+09 -40.5767 -1.230
3.18608e+09 -40.6381 2.157
3.21304e+09 -40.8093 -0.606
3.24022e+09 -42.1907 -3.105
3.26764e+09 -41.9226 0.738
3.29529e+09 -41.2709 -1.918
3.32318e+09 -40.7294 1.777
3.3513e+09 -41.4916 -0.978
3.37965e+09 -44.2845 2.959
3.40825e+09 -43.3191 0.791
3.43709e+09 -42.1766 -1.534
3.46617e+09 -42.7384 2.367
3.4955e+09 -43.8534 0.070
3.52508e+09 -43.528 -1.956
3.55491e+09 -41.991 2.174
3.58499e+09 -42.0076 -0.253
3.61532e+09 -42.5631 -2.550
3.64592e+09 -43.6512 1.742
3.67677e+09 -43.4261 -0.259
3.70788e+09 -44.2197 -2.264
3.73925e+09 -45.2152 1.974
3.77089e+09 -45.8998 -0.001
3.8028e+09 -45.2082 -1.676
3.83498e+09 -44.3671 2.933
3.86743e+09 -44.4385 0.834
3.90015e+09 -43.5128 -0.983
3.93316e+09 -44.2308 -2.804
3.96644e+09 -44.8692 1.883
4e+09 -44.7346 0.141
# failures 0, mismatches 0
