1.375e+08 -50.7929 2.710
1.38663e+08 -50.1207 2.747
1.39837e+08 -49.13 -3.129
1.4102e+08 -49.8119 3.083
1.42213e+08 -52.5697 -2.912
1.43417e+08 -49.394 -2.817
1.4463e+08 -48.1818 -2.647
1.45854e+08 -50.8017 -2.670
1.47088e+08 -50.2174 -2.381
1.48333e+08 -50.3849 -2.214
1.49588e+08 -49.9617 -2.153
1.50854e+08 -49.7125 -1.905
1.5213e+08 -49.6006 -1.691
1.53417e+08 -49.9116 -1.346
1.54716e+08 -50.0107 -1.332
1.56025e+08 -49.7233 -1.116
1.57345e+08 -50.1199 -0.995
1.58676e+08 -50.9004 -0.867
1.60019e+08 -51.5664 -0.762
1.61373e+08 -51.2805 -0.626
1.62739e+08 -50.2282 -0.344
1.64116e+08 -50.2342 -0.159
1.65504e+08 -50.0655 0.043
1.66905e+08 -51.5893 0.325
1.68317e+08 -48.9658 0.445
1.69741e+08 -49.7737 0.480
1.71178e+08 -49.6407 0.853
1.72626e+08 -50.4297 0.941
1.74087e+08 -49.7489 1.151
1.7556e+08 -50.3821 1.329
1.77045e+08 -49.9443 1.534
1.78543e+08 -48.4561 1.837
1.80054e+08 -52.2309 1.970
1.81578e+08 -49.5616 2.107
1.83114e+08 -50.8721 2.297
1.84664e+08 -50.3311 2.317
1.86226e+08 -50.0662 2.790
1.87802e+08 -49.9094 3.117
1.89391e+08 -49.8076 3.097
1.90994e+08 -49.8284 -2.912
1.9261e+08 -49.2305 -2.670
1.9424e+08 -49.3588 -2.329
1.95883e+08 -49.859 -2.353
1.97541e+08 -49.8492 -2.239
1.99212e+08 -49.9107 -1.810
2.00898e+08 -49.7156 -1.532
2.02598e+08 -49.6915 -1.437
2.04312e+08 -49.1129 -1.278
2.06041e+08 -50.2345 -0.988
2.07784e+08 -50.7177 -0.614
2.09543e+08 -49.9304 -0.519
2.11316e+08 -49.8997 -0.224
2.13104e+08 -49.6298 -0.089
2.14907e+08 -48.653 0.357
2.16725e+08 -49.791 0.427
2.18559e+08 -50.0337 0.852
2.20409e+08 -51.0251 0.932
2.22274e+08 -50.3884 1.302
2.24155e+08 -50.3244 1.316
2.26051e+08 -49.4828 1.783
2.27964e+08 -50.4209 1.994
2.29893e+08 -50.6918 2.290
2.31838e+08 -49.2399 2.344
2.338e+08 -49.7746 2.530
2.35778e+08 -51.0904 2.972
2.37773e+08 -50.5834 3.090
2.39785e+08 -48.6425 -2.734
2.41814e+08 -50.8109 -2.473
2.4386e+08 -50.3341 -2.325
2.45924e+08 -50.4566 -1.801
2.48005e+08 -51.0842 -1.780
2.50103e+08 -50.7142 -1.375
2.5222e+08 -51.1361 -1.196
2.54354e+08 -50.8294 -0.931
2.56506e+08 -50.598 -0.563
2.58677e+08 -51.1597 -0.394
2.60865e+08 -51.1025 -0.143
2.63073e+08 -51.0923 0.306
2.65299e+08 -50.7685 0.516
2.67544e+08 -50.3443 1.000
2.69808e+08 -51.298 1.063
2.72091e+08 -48.8009 1.346
2.74393e+08 -50.3101 1.784
2.76715e+08 -49.9724 2.039
2.79056e+08 -50.2065 2.432
2.81418e+08 -49.116 2.673
2.83799e+08 -51.7631 3.025
2.862e+08 -50.7014 -2.866
2.88622e+08 -50.0132 -2.843
2.91064e+08 -51.4911 -2.489
2.93527e+08 -51.0758 -1.995
2.96011e+08 -50.8098 -1.668
2.98515e+08 -50.9446 -1.600
3.01041e+08 -50.0848 -1.087
3.03589e+08 -49.1013 -0.837
3.06158e+08 -49.3971 -0.344
3.08748e+08 -53.4864 -0.125
3.11361e+08 -50.5882 0.190
3.13995e+08 -50.5749 0.590
3.16652e+08 -51.3975 1.141
3.19332e+08 -50.3494 1.349
3.22034e+08 -49.1635 1.780
3.24759e+08 -52.0442 2.097
3.27507e+08 -48.9716 2.276
3.30278e+08 -49.4534 2.958
3.33073e+08 -52.4436 -3.085
3.35891e+08 -51.2485 -2.751
3.38733e+08 -50.0335 -2.194
3.41599e+08 -50.2454 -1.964
3.4449e+08 -49.6072 -1.616
3.47405e+08 -49.5244 -1.180
3.50345e+08 -51.3044 -0.984
3.53309e+08 -49.8778 -0.444
3.56299e+08 -50.3793 0.187
3.59313e+08 -50.878 0.373
3.62354e+08 -50.862 0.848
3.6542e+08 -51.1479 1.079
3.68512e+08 -49.8109 1.554
3.7163e+08 -50.6596 2.019
3.74775e+08 -52.0518 2.374
3.77946e+08 -48.2952 2.819
3.81144e+08 -49.7752 -3.097
3.84369e+08 -50.9815 -2.542
3.87622e+08 -51.3445 -2.458
3.90902e+08 -49.9143 -1.623
3.94209e+08 -49.7061 -1.492
3.97545e+08 -49.8345 -1.017
4.00909e+08 -50.2049 -0.506
4.04301e+08 -50.1429 -0.053
4.07722e+08 -49.0832 0.324
4.11172e+08 -50.9767 0.857
4.14651e+08 -48.6385 1.304
4.1816e+08 -50.6739 1.830
4.21698e+08 -50.4629 2.370
4.25267e+08 -51.1292 2.607
4.28865e+08 -49.5751 -2.986
4.32494e+08 -48.7458 -2.715
4.36154e+08 -50.004 -2.105
4.39844e+08 -49.7912 -1.821
4.43566e+08 -49.1205 -1.328
4.47319e+08 -50.0002 -0.761
4.51104e+08 -50.3782 -0.176
4.54922e+08 -50.0498 0.175
4.58771e+08 -51.8543 0.812
4.62653e+08 -50.7014 1.334
4.66568e+08 -52.2022 1.876
4.70516e+08 -49.7299 2.479
4.74497e+08 -51.4006 2.752
4.78512e+08 -50.5423 -2.842
4.82561e+08 -50.8822 -2.247
4.86644e+08 -51.8251 -1.762
4.90762e+08 -49.9668 -1.292
4.94915e+08 -51.1099 -0.598
4.99103e+08 -50.5063 -0.149
5.03326e+08 -49.6526 0.372
5.07585e+08 -51.0029 0.890
5.1188e+08 -50.1605 1.452
5.16211e+08 -51.1614 2.098
5.20579e+08 -50.9497 2.722
5.24984e+08 -50.6033 3.020
5.29426e+08 -51.8987 -2.701
5.33906e+08 -52.1048 -1.965
5.38424e+08 -51.7948 -1.446
5.4298e+08 -49.9775 -0.652
5.47574e+08 -49.9325 -0.099
5.52208e+08 -50.3458 0.296
5.5688e+08 -49.2897 1.154
5.61593e+08 -49.6285 1.904
5.66345e+08 -49.9797 2.476
5.71137e+08 -50.2067 2.832
5.7597e+08 -48.9807 -2.638
5.80843e+08 -49.2231 -2.215
5.85758e+08 -50.144 -1.346
5.90715e+08 -50.9362 -0.722
5.95713e+08 -50.1597 -0.016
6.00754e+08 -50.972 0.622
6.05837e+08 -51.6405 1.159
6.10964e+08 -51.0905 1.992
6.16133e+08 -51.3457 2.513
6.21347e+08 -49.4775 -2.807
6.26604e+08 -50.245 -2.475
6.31907e+08 -52.7451 -1.477
6.37254e+08 -48.8754 -0.653
6.42646e+08 -49.0266 -0.115
6.48084e+08 -51.0996 0.450
6.53567e+08 -50.0306 1.458
6.59098e+08 -51.7598 1.945
6.64675e+08 -48.9928 2.671
6.70299e+08 -48.7302 -2.754
6.75971e+08 -50.6513 -1.853
6.81691e+08 -50.3673 -1.255
6.87459e+08 -50.2876 -0.618
6.93276e+08 -50.8909 0.373
6.99142e+08 -49.659 0.929
7.05058e+08 -49.9612 1.832
7.11024e+08 -50.3208 2.402
7.17041e+08 -49.7156 -2.946
7.23108e+08 -51.2109 -2.280
7.29227e+08 -50.4805 -1.506
7.35397e+08 -50.4112 -0.646
7.4162e+08 -50.2794 0.379
7.47895e+08 -51.2671 1.083
7.54224e+08 -50.2728 1.976
7.60606e+08 -50.1511 2.555
7.67042e+08 -50.9882 -2.714
7.73532e+08 -49.7845 -1.995
7.80077e+08 -50.7517 -0.987
7.86678e+08 -49.849 -0.230
7.93335e+08 -50.0519 0.698
8.00048e+08 -50.5541 1.580
8.06817e+08 -50.8809 2.512
8.13644e+08 -50.0886 -2.935
8.20529e+08 -50.3399 -1.995
8.27472e+08 -51.3177 -1.162
8.34474e+08 -50.7807 -0.256
8.41535e+08 -50.4945 0.712
8.48656e+08 -51.5805 1.719
8.55837e+08 -50.8189 2.642
8.63079e+08 -51.464 -2.638
8.70382e+08 -49.1133 -1.727
8.77747e+08 -49.5397 -0.632
8.85174e+08 -51.9187 0.201
8.92664e+08 -49.5008 1.162
9.00217e+08 -51.355 2.386
9.07835e+08 -51.38 -3.017
9.15516e+08 -52.7684 -1.997
9.23263e+08 -51.0942 -0.819
9.31076e+08 -52.288 0.203
9.38954e+08 -49.4613 0.905
9.46899e+08 -53.4025 2.156
9.54912e+08 -50.4846 -3.027
9.62992e+08 -52.6295 -2.129
9.7114e+08 -52.0184 -0.953
9.79358e+08 -51.1676 0.264
9.87645e+08 -49.1947 1.036
9.96002e+08 -49.5859 2.264
1.00443e+09 -50.4414 -3.015
1.01293e+09 -51.2572 -1.790
1.0215e+09 -49.5318 -0.779
1.03014e+09 -50.5118 0.398
1.03886e+09 -50.5006 1.683
1.04765e+09 -50.4076 2.812
1.05652e+09 -49.124 -2.339
1.06546e+09 -49.4012 -1.227
1.07447e+09 -48.745 -0.064
1.08356e+09 -50.2008 0.980
1.09273e+09 -50.4038 2.312
1.10198e+09 -50.2573 -2.748
1.1113e+09 -50.8968 -1.545
1.12071e+09 -51.2501 -0.579
1.13019e+09 -49.3817 0.843
1.13975e+09 -50.7219 1.969
1.1494e+09 -49.7439 -2.930
1.15912e+09 -51.0482 -1.511
1.16893e+09 -51.4706 -0.291
1.17882e+09 -51.3944 0.846
1.1888e+09 -49.9892 2.288
1.19886e+09 -51.4615 -2.682
1.209e+09 -51.1642 -1.209
1.21923e+09 -52.4059 0.006
1.22955e+09 -49.3435 1.357
1.23995e+09 -51.6216 2.782
1.25044e+09 -51.6 -2.148
1.26102e+09 -50.4978 -0.764
1.27169e+09 -51.9569 0.907
1.28245e+09 -49.4317 2.131
1.29331e+09 -49.8092 -2.887
1.30425e+09 -50.249 -1.446
1.31529e+09 -52.1042 0.160
1.32642e+09 -50.6592 1.636
1.33764e+09 -50.1993 -2.887
1.34896e+09 -51.2876 -1.749
1.36037e+09 -50.5772 -0.289
1.37188e+09 -49.5528 1.439
1.38349e+09 -50.0234 -0.406
1.3952e+09 -50.529 -1.547
1.407e+09 -51.8636 -0.081
1.41891e+09 -50.4237 1.463
1.43092e+09 -50.0722 3.000
1.44302e+09 -50.6671 -1.644
1.45523e+09 -49.8863 -0.027
1.46755e+09 -50.8606 1.568
1.47997e+09 -49.7746 -2.945
1.49249e+09 -50.8435 -1.156
1.50512e+09 -51.8953 0.446
1.51785e+09 -50.703 1.998
1.5307e+09 -50.9068 -2.420
1.54365e+09 -50.3058 -0.636
1.55671e+09 -51.5852 0.953
1.56988e+09 -50.4591 2.769
1.58317e+09 -49.8453 -1.718
1.59656e+09 -49.5266 0.080
1.61007e+09 -50.7916 1.571
1.6237e+09 -52.0051 -2.725
1.63744e+09 -51.0619 -1.195
1.65129e+09 -51.4526 -0.442
1.66526e+09 -51.5806 1.317
1.67935e+09 -50.3708 3.119
1.69357e+09 -50.6469 -1.367
1.7079e+09 -51.1808 0.574
1.72235e+09 -50.5777 2.646
1.73692e+09 -49.3205 -1.550
1.75162e+09 -51.8529 0.224
1.76644e+09 -52.1101 2.057
1.78139e+09 -49.884 -2.339
1.79646e+09 -51.911 -0.578
1.81166e+09 -51.1718 1.619
1.82699e+09 -49.5963 -2.819
1.84245e+09 -51.2024 -0.669
1.85804e+09 -50.1891 1.556
1.87376e+09 -50.3462 -2.661
1.88962e+09 -52.0579 -0.396
1.90561e+09 -52.0795 1.507
1.92173e+09 -50.4432 -2.760
1.93799e+09 -49.0487 -0.452
1.95439e+09 -49.7912 1.619
1.97093e+09 -49.8141 -2.521
1.98761e+09 -51.1107 -0.447
2.00442e+09 -51.0298 1.798
2.02139e+09 -51.1962 -2.345
2.03849e+09 -54.8022 -0.044
2.05574e+09 -52.3488 2.423
2.07313e+09 -53.1906 -1.496
2.09068e+09 -50.3738 0.683
2.10837e+09 -50.6402 -3.024
2.12621e+09 -49.8496 -0.797
2.1442e+09 -51.5725 1.399
2.16234e+09 -50.7001 -2.444
2.18064e+09 -51.7187 -0.056
2.19909e+09 -52.3989 2.567
2.2177e+09 -50.2189 -1.531
2.23646e+09 -49.986 0.822
2.25539e+09 -49.4098 -2.896
2.27447e+09 -49.4737 -0.714
2.29372e+09 -49.0505 1.655
2.31313e+09 -49.3725 -1.932
2.3327e+09 -48.631 0.482
2.35244e+09 -47.714 2.988
2.37234e+09 -48.9557 -0.599
2.39242e+09 -49.7193 1.868
2.41266e+09 -50.51 -1.752
2.43308e+09 -54.1435 0.806
2.45366e+09 -51.2427 -2.529
2.47443e+09 -49.1621 0.200
2.49536e+09 -48.9026 2.994
2.51648e+09 -47.4785 -0.715
2.53777e+09 -47.4071 1.869
2.55925e+09 -48.6653 -1.694
2.5809e+09 -50.1458 1.343
2.60274e+09 -49.5505 -2.021
2.62476e+09 -47.6265 0.901
2.64697e+09 -48.3547 -2.325
2.66937e+09 -47.3705 0.253
2.69196e+09 -48.5395 -3.118
2.71474e+09 -51.2159 -0.232
2.73771e+09 -50.8021 -3.110
2.76087e+09 -48.0585 0.022
2.78424e+09 -50.165 2.853
2.8078e+09 -48.9142 -0.143
2.83155e+09 -52.1481 2.690
2.85551e+09 -49.3641 -0.076
2.87968e+09 -50.9852 -2.997
2.90404e+09 -49.3961 -0.036
2.92862e+09 -48.1527 3.027
2.9534e+09 -49.3371 -0.115
2.97839e+09 -51.7769 -2.711
3.00359e+09 -53.1055 0.734
3.02901e+09 -50.4474 -2.343
3.05464e+09 -49.1668 0.905
3.08048e+09 -50.7721 -2.063
3.10655e+09 -51.9446 1.649
3.13284e+09 -53.5048 -0.787
3.15934e+09 -49.8134 2.498
3.18608e+09 -50.6481 -0.228
3.21304e+09 -51.1774 -2.974
3.24022e+09 -52.997 0.586
3.26764e+09 -53.029 -2.009
3.29529e+09 -50.4731 1.689
3.32318e+09 -52.0686 -0.771
3.3513e+09 -51.0303 2.853
3.37965e+09 -51.9483 0.285
3.40825e+09 -54.8685 -1.644
3.43709e+09 -55.3459 2.018
3.46617e+09 -52.1344 -0.287
3.4955e+09 -53.411 -2.426
3.52508e+09 -53.416 1.636
3.55491e+09 -57.3695 -0.307
3.58499e+09 -53.6009 -2.753
3.61532e+09 -52.3934 1.188
3.64592e+09 -56.3962 -0.862
3.67677e+09 -53.5512 -3.105
3.70788e+09 -55.2756 1.190
3.73925e+09 -56.3684 -1.112
3.77089e+09 -58.2879 2.796
3.8028e+09 -55.2799 1.926
3.83498e+09 -52.8901 -0.109
3.86743e+09 -56.2158 -1.943
3.90015e+09 -55.1753 2.124
3.93316e+09 -54.1883 0.865
3.96644e+09 -58.8242 -0.900
4e+09 -58.0053 -2.872
# failures 0, mismatches 0
