1.375e+08 -49.9286 2.618
1.38663e+08 -50.5086 2.812
1.39837e+08 -50.1603 2.987
1.4102e+08 -50.069 3.117
1.42213e+08 -52.1216 -3.007
1.43417e+08 -51.1873 -2.895
1.4463e+08 -50.3126 -2.784
1.45854e+08 -50.8868 -2.491
1.47088e+08 -50.2317 -2.418
1.48333e+08 -50.101 -2.052
1.49588e+08 -50.7421 -1.985
1.50854e+08 -50.53 -1.789
1.5213e+08 -49.8528 -1.677
1.53417e+08 -51.8456 -1.460
1.54716e+08 -52.0493 -1.480
1.56025e+08 -50.9336 -1.224
1.57345e+08 -50.7686 -0.961
1.58676e+08 -50.9627 -0.925
1.60019e+08 -51.0352 -0.851
1.61373e+08 -49.7658 -0.409
1.62739e+08 -50.2977 -0.400
1.64116e+08 -51.2701 -0.243
1.65504e+08 -50.0295 -0.116
1.66905e+08 -50.5097 0.219
1.68317e+08 -49.9215 0.409
1.69741e+08 -49.5602 0.745
1.71178e+08 -50.9347 0.755
1.72626e+08 -50.0319 0.989
1.74087e+08 -50.1107 1.188
1.7556e+08 -49.9708 1.312
1.77045e+08 -50.1319 1.588
1.78543e+08 -50.6966 1.683
1.80054e+08 -50.1364 2.028
1.81578e+08 -50.5566 2.197
1.83114e+08 -50.4982 2.352
1.84664e+08 -50.9063 2.608
1.86226e+08 -50.438 2.630
1.87802e+08 -51.1368 3.140
1.89391e+08 -50.0276 -3.139
1.90994e+08 -49.9094 -2.938
1.9261e+08 -49.9921 -2.654
1.9424e+08 -49.8601 -2.447
1.95883e+08 -49.814 -2.438
1.97541e+08 -49.4756 -2.107
1.99212e+08 -49.0559 -1.816
2.00898e+08 -49.8569 -1.522
2.02598e+08 -50.2829 -1.139
2.04312e+08 -50.1803 -1.269
2.06041e+08 -50.2692 -0.951
2.07784e+08 -50.0869 -0.657
2.09543e+08 -51.0225 -0.372
2.11316e+08 -49.8891 -0.209
2.13104e+08 -48.7746 0.028
2.14907e+08 -51.0804 0.181
2.16725e+08 -50.2697 0.631
2.18559e+08 -50.1137 0.649
2.20409e+08 -52.5954 1.092
2.22274e+08 -50.127 1.169
2.24155e+08 -50.6196 1.477
2.26051e+08 -50.5842 1.798
2.27964e+08 -51.2459 1.785
2.29893e+08 -50.2649 2.208
2.31838e+08 -51.4613 2.572
2.338e+08 -50.4747 2.737
2.35778e+08 -50.2667 2.839
2.37773e+08 -49.2759 -3.119
2.39785e+08 -51.8466 -2.659
2.41814e+08 -50.4917 -2.554
2.4386e+08 -49.8559 -2.257
2.45924e+08 -49.737 -2.043
2.48005e+08 -50.3672 -1.726
2.50103e+08 -51.2372 -1.550
2.5222e+08 -49.501 -1.230
2.54354e+08 -51.4241 -0.944
2.56506e+08 -49.6854 -0.622
2.58677e+08 -50.9515 -0.307
2.60865e+08 -49.2875 -0.047
2.63073e+08 -49.8878 0.352
2.65299e+08 -50.3448 0.595
2.67544e+08 -51.4863 0.914
2.69808e+08 -51.7028 1.188
2.72091e+08 -50.9274 1.394
2.74393e+08 -51.1252 1.719
2.76715e+08 -50.1398 2.021
2.79056e+08 -49.514 2.449
2.81418e+08 -49.9768 2.670
2.83799e+08 -50.0778 2.999
2.862e+08 -50.4881 -3.090
2.88622e+08 -50.0917 -2.537
2.91064e+08 -50.881 -2.326
2.93527e+08 -52.2346 -2.093
2.96011e+08 -51.6849 -1.561
2.98515e+08 -50.7115 -1.382
3.01041e+08 -49.1579 -1.049
3.03589e+08 -51.8484 -0.635
3.06158e+08 -50.2897 -0.267
3.08748e+08 -49.7256 -0.230
3.11361e+08 -51.1883 0.421
3.13995e+08 -51.8642 0.677
3.16652e+08 -50.2841 0.993
3.19332e+08 -49.7839 1.388
3.22034e+08 -49.9271 1.752
3.24759e+08 -51.1708 2.117
3.27507e+08 -49.7084 2.356
3.30278e+08 -50.6033 2.747
3.33073e+08 -50.4875 -3.074
3.35891e+08 -51.0441 -2.743
3.38733e+08 -50.1545 -2.243
3.41599e+08 -49.79 -1.980
3.4449e+08 -50.8125 -1.603
3.47405e+08 -50.1099 -1.260
3.50345e+08 -50.9988 -0.734
3.53309e+08 -51.7291 -0.371
3.56299e+08 -51.491 0.077
3.59313e+08 -51.4168 0.322
3.62354e+08 -49.9462 0.763
3.6542e+08 -50.6683 1.255
3.68512e+08 -50.4942 1.687
3.7163e+08 -50.6394 1.985
3.74775e+08 -50.7244 2.505
3.77946e+08 -49.4222 2.877
3.81144e+08 -49.5766 -3.027
3.84369e+08 -50.5354 -2.567
3.87622e+08 -50.777 -2.418
3.90902e+08 -49.0378 -1.814
3.94209e+08 -51.64 -1.386
3.97545e+08 -49.3122 -0.904
4.00909e+08 -51.0012 -0.459
4.04301e+08 -50.0891 -0.025
4.07722e+08 -50.0273 0.499
4.11172e+08 -50.641 0.807
4.14651e+08 -49.8329 1.216
4.1816e+08 -50.1231 1.756
4.21698e+08 -51.8837 2.359
4.25267e+08 -50.5058 2.726
4.28865e+08 -50.2834 -3.077
4.32494e+08 -48.6005 -2.641
4.36154e+08 -50.4743 -2.138
4.39844e+08 -49.066 -1.750
4.43566e+08 -50.6929 -1.274
4.47319e+08 -51.0061 -0.715
4.51104e+08 -49.7418 -0.270
4.54922e+08 -50.5932 0.218
4.58771e+08 -50.5237 0.877
4.62653e+08 -51.2338 1.391
4.66568e+08 -50.4021 1.793
4.70516e+08 -50.5763 2.341
4.74497e+08 -50.6724 2.862
4.78512e+08 -50.8273 -2.825
4.82561e+08 -51.6505 -2.269
4.86644e+08 -51.313 -1.880
4.90762e+08 -51.4423 -1.249
4.94915e+08 -50.7871 -0.776
4.99103e+08 -50.3747 -0.183
5.03326e+08 -51.415 0.466
5.07585e+08 -50.3446 0.976
5.1188e+08 -49.295 1.547
5.16211e+08 -50.195 2.071
5.20579e+08 -50.5613 2.619
5.24984e+08 -51.3836 3.137
5.29426e+08 -50.2246 -2.666
5.33906e+08 -49.8715 -1.847
5.38424e+08 -51.4174 -1.213
5.4298e+08 -50.7662 -0.694
5.47574e+08 -50.4154 -0.213
5.52208e+08 -49.8698 0.599
5.5688e+08 -50.9803 1.044
5.61593e+08 -50.8017 1.785
5.66345e+08 -50.4156 2.573
5.71137e+08 -49.9675 2.967
5.7597e+08 -50.9045 -2.635
5.80843e+08 -51.0674 -2.013
5.85758e+08 -50.3471 -1.283
5.90715e+08 -51.5118 -0.640
5.95713e+08 -50.4658 -0.095
6.00754e+08 -51.0249 0.694
6.05837e+08 -50.484 1.098
6.10964e+08 -51.5516 1.941
6.16133e+08 -50.6047 2.658
6.21347e+08 -51.5844 -2.857
6.26604e+08 -51.627 -2.270
6.31907e+08 -51.061 -1.496
6.37254e+08 -51.4024 -0.771
6.42646e+08 -49.8172 -0.112
6.48084e+08 -51.5608 0.428
6.53567e+08 -50.5163 1.407
6.59098e+08 -51.0634 2.121
6.64675e+08 -52.2562 2.705
6.70299e+08 -50.7047 -2.688
6.75971e+08 -51.9638 -2.156
6.81691e+08 -51.0817 -1.241
6.87459e+08 -49.7447 -0.493
6.93276e+08 -50.3694 0.243
6.99142e+08 -51.2281 1.231
7.05058e+08 -50.8456 1.716
7.11024e+08 -48.9449 2.562
7.17041e+08 -50.5024 -3.062
7.23108e+08 -51.1914 -2.121
7.29227e+08 -50.9206 -1.501
7.35397e+08 -49.2549 -0.526
7.4162e+08 -50.6016 0.261
7.47895e+08 -50.2828 1.085
7.54224e+08 -49.974 1.898
7.60606e+08 -51.5847 2.838
7.67042e+08 -49.7802 -2.703
7.73532e+08 -50.1414 -1.857
7.80077e+08 -50.8239 -0.900
7.86678e+08 -50.8856 -0.105
7.93335e+08 -50.6657 0.628
8.00048e+08 -50.8746 1.627
8.06817e+08 -50.7082 2.524
8.13644e+08 -50.5005 -2.897
8.20529e+08 -50.7357 -1.888
8.27472e+08 -50.227 -1.022
8.34474e+08 -50.6255 -0.325
8.41535e+08 -51.7531 0.666
8.48656e+08 -51.3568 1.796
8.55837e+08 -51.187 2.764
8.63079e+08 -50.5668 -2.653
8.70382e+08 -52.1377 -1.547
8.77747e+08 -50.6202 -0.755
8.85174e+08 -52.5138 0.122
8.92664e+08 -51.7749 1.166
9.00217e+08 -51.5625 2.149
9.07835e+08 -51.1301 -3.061
9.15516e+08 -51.6633 -1.943
9.23263e+08 -51.157 -0.922
9.31076e+08 -51.3818 0.036
9.38954e+08 -49.989 1.129
9.46899e+08 -50.3584 2.050
9.54912e+08 -50.2013 3.110
9.62992e+08 -50.9867 -2.066
9.7114e+08 -52.6825 -1.068
9.79358e+08 -51.0477 0.119
9.87645e+08 -53.5599 1.241
9.96002e+08 -51.321 2.280
1.00443e+09 -50.699 -2.752
1.01293e+09 -51.1168 -1.686
1.0215e+09 -51.3533 -0.617
1.03014e+09 -50.1123 0.612
1.03886e+09 -49.8789 1.512
1.04765e+09 -50.601 2.794
1.05652e+09 -50.9715 -2.288
1.06546e+09 -49.3938 -1.149
1.07447e+09 -50.2394 -0.124
1.08356e+09 -51.9454 1.198
1.09273e+09 -49.9185 2.438
1.10198e+09 -49.9468 -2.900
1.1113e+09 -49.6719 -1.760
1.12071e+09 -50.6966 -0.404
1.13019e+09 -51.1117 0.921
1.13975e+09 -50.6001 2.164
1.1494e+09 -49.5237 -2.847
1.15912e+09 -50.314 -1.625
1.16893e+09 -52.0272 -0.371
1.17882e+09 -51.7772 0.937
1.1888e+09 -50.7008 2.286
1.19886e+09 -51.2902 -2.687
1.209e+09 -50.1041 -1.372
1.21923e+09 -49.6142 0.109
1.22955e+09 -50.9348 1.476
1.23995e+09 -50.1784 2.732
1.25044e+09 -51.3269 -2.120
1.26102e+09 -49.9334 -0.802
1.27169e+09 -50.2883 0.648
1.28245e+09 -51.0285 2.158
1.29331e+09 -49.9665 -2.707
1.30425e+09 -50.479 -1.326
1.31529e+09 -51.0488 0.124
1.32642e+09 -50.9636 1.567
1.33764e+09 -50.3916 3.139
1.34896e+09 -51.2864 -1.696
1.36037e+09 -49.5253 -0.247
1.37188e+09 -50.928 1.283
1.38349e+09 -50.1162 2.968
1.3952e+09 -50.241 -1.709
1.407e+09 -50.1831 -0.199
1.41891e+09 -51.3218 1.390
1.43092e+09 -50.7746 3.035
1.44302e+09 -51.7694 -1.687
1.45523e+09 -49.8526 0.030
1.46755e+09 -50.8673 1.521
1.47997e+09 -51.3501 -3.092
1.49249e+09 -51.7415 -1.484
1.50512e+09 -51.0902 0.429
1.51785e+09 -51.5813 2.103
1.5307e+09 -51.8962 -2.372
1.54365e+09 -50.1513 -0.707
1.55671e+09 -50.566 1.010
1.56988e+09 -50.5502 2.904
1.58317e+09 -51.7852 -1.669
1.59656e+09 -50.0421 -0.020
1.61007e+09 -50.9684 1.708
1.6237e+09 -51.0994 -2.847
1.63744e+09 -51.1257 -1.212
1.65129e+09 -50.4114 -0.574
1.66526e+09 -50.4347 1.282
1.67935e+09 -51.801 -3.052
1.69357e+09 -50.6836 -1.232
1.7079e+09 -50.6616 0.516
1.72235e+09 -51.4639 2.425
1.73692e+09 -50.548 -1.951
1.75162e+09 -49.575 0.221
1.76644e+09 -50.7427 2.005
1.78139e+09 -50.6193 -2.238
1.79646e+09 -51.1419 -0.540
1.81166e+09 -52.6376 1.471
1.82699e+09 -49.7025 -2.630
1.84245e+09 -51.379 -0.449
1.85804e+09 -50.205 1.384
1.87376e+09 -51.2509 -2.776
1.88962e+09 -50.7161 -0.678
1.90561e+09 -50.5262 1.652
1.92173e+09 -49.8763 -2.414
1.93799e+09 -50.6647 -0.486
1.95439e+09 -48.913 1.699
1.97093e+09 -48.5863 -2.607
1.98761e+09 -49.082 -0.464
2.00442e+09 -51.2667 1.809
2.02139e+09 -52.3641 -2.311
2.03849e+09 -52.6707 -0.180
2.05574e+09 -51.0664 2.355
2.07313e+09 -51.6278 -1.683
2.09068e+09 -50.6815 0.544
2.10837e+09 -49.682 3.122
2.12621e+09 -49.8576 -0.845
2.1442e+09 -50.432 1.353
2.16234e+09 -51.0927 -2.453
2.18064e+09 -51.1519 0.015
2.19909e+09 -51.4482 2.265
2.2177e+09 -51.5573 -1.597
2.23646e+09 -50.2499 0.868
2.25539e+09 -49.5369 -3.039
2.27447e+09 -48.684 -0.677
2.29372e+09 -50.1644 1.658
2.31313e+09 -50.8386 -2.132
2.3327e+09 -48.5658 0.493
2.35244e+09 -48.9408 2.970
2.37234e+09 -48.8195 -0.712
2.39242e+09 -48.7256 1.682
2.41266e+09 -50.0712 -1.895
2.43308e+09 -51.5368 0.775
2.45366e+09 -50.438 -2.653
2.47443e+09 -48.9426 0.005
2.49536e+09 -48.5661 2.895
2.51648e+09 -47.7433 -0.768
2.53777e+09 -47.367 1.891
2.55925e+09 -48.4326 -1.603
2.5809e+09 -49.951 1.233
2.60274e+09 -48.895 -1.977
2.62476e+09 -47.5816 0.932
2.64697e+09 -47.8927 -2.666
2.66937e+09 -47.5919 0.150
2.69196e+09 -49.477 3.109
2.71474e+09 -51.78 0.124
2.73771e+09 -49.997 -3.105
2.76087e+09 -48.1434 0.029
2.78424e+09 -48.5917 3.004
2.8078e+09 -49.1122 -0.187
2.83155e+09 -51.8314 3.000
2.85551e+09 -50.3907 -0.052
2.87968e+09 -49.5894 -3.104
2.90404e+09 -48.5631 0.068
2.92862e+09 -48.5375 3.038
2.9534e+09 -49.2686 -0.146
2.97839e+09 -51.3231 -2.668
3.00359e+09 -50.7757 0.689
3.02901e+09 -50.0562 -2.505
3.05464e+09 -50.5384 0.976
3.08048e+09 -51.4605 -1.943
3.10655e+09 -52.5482 1.865
3.13284e+09 -51.2348 -0.759
3.15934e+09 -51.2623 2.728
3.18608e+09 -50.7264 -0.068
3.21304e+09 -51.4603 3.114
3.24022e+09 -52.4124 0.498
3.26764e+09 -52.8149 -1.716
3.29529e+09 -52.2502 1.823
3.32318e+09 -51.1592 -0.651
3.3513e+09 -52.28 2.764
3.37965e+09 -53.0423 0.394
3.40825e+09 -55.6093 -1.884
3.43709e+09 -52.5701 2.077
3.46617e+09 -53.0953 -0.188
3.4955e+09 -54.1667 -2.335
3.52508e+09 -53.294 1.694
3.55491e+09 -51.5875 -0.489
3.58499e+09 -53.9747 -2.842
3.61532e+09 -53.2485 1.076
3.64592e+09 -57.1887 -0.805
3.67677e+09 -55.7138 -2.841
3.70788e+09 -53.2042 1.363
3.73925e+09 -57.1747 -0.757
3.77089e+09 -56.7649 -2.694
3.8028e+09 -53.59 1.825
3.83498e+09 -53.6295 -0.021
3.86743e+09 -53.7654 -1.794
3.90015e+09 -54.4407 2.609
3.93316e+09 -55.4838 0.487
3.96644e+09 -55.524 -0.695
4e+09 -56.1206 -2.521
# failures 0, mismatches 0
