1.375e+08 -64.9658 -3.082
1.38663e+08 -55.8036 -2.820
1.39837e+08 -57.9338 -2.254
1.4102e+08 -59.8149 2.926
1.42213e+08 -60.0778 0.675
1.43417e+08 -60.8579 0.530
1.4463e+08 -59.1384 1.187
1.45854e+08 -59.1628 1.001
1.47088e+08 -56.1654 -1.703
1.48333e+08 -60.2778 -2.093
1.49588e+08 -56.588 -1.922
1.50854e+08 -62.906 -1.191
1.5213e+08 -56.4345 -1.534
1.53417e+08 -57.6355 -0.686
1.54716e+08 -57.6808 -0.277
1.56025e+08 -59.304 2.657
1.57345e+08 -58.5812 -0.958
1.58676e+08 -59.2705 -0.429
1.60019e+08 -59.1892 -1.178
1.61373e+08 -62.5504 -0.610
1.62739e+08 -60.5039 -2.870
1.64116e+08 -60.2314 1.189
1.65504e+08 -54.8623 0.650
1.66905e+08 -57.07 0.664
1.68317e+08 -58.5323 0.489
1.69741e+08 -59.4579 -1.328
1.71178e+08 -58.6279 1.388
1.72626e+08 -57.7682 1.209
1.74087e+08 -58.4415 -2.376
1.7556e+08 -57.8113 1.500
1.77045e+08 -58.7006 -1.158
1.78543e+08 -58.8616 2.621
1.80054e+08 -58.871 1.996
1.81578e+08 -61.3107 -0.571
1.83114e+08 -58.068 2.507
1.84664e+08 -59.3236 2.554
1.86226e+08 -57.0326 2.942
1.87802e+08 -61.5406 3.140
1.89391e+08 -58.0216 -2.957
1.90994e+08 -59.4511 -2.757
1.9261e+08 -59.8892 -2.296
1.9424e+08 -60.6171 -2.220
1.95883e+08 -61.6234 -1.339
1.97541e+08 -55.9764 -2.174
1.99212e+08 -58.8203 -1.450
2.00898e+08 -60.5154 -1.503
2.02598e+08 -66.7792 -0.482
2.04312e+08 -64.1672 -1.319
2.06041e+08 -58.8017 -0.511
2.07784e+08 -58.9311 -0.833
2.09543e+08 -58.8538 -0.305
2.11316e+08 -59.5676 -0.440
2.13104e+08 -56.2552 0.218
2.14907e+08 -59.6177 -0.006
2.16725e+08 -57.8924 0.565
2.18559e+08 -56.5528 0.622
2.20409e+08 -56.6836 1.483
2.22274e+08 -58.8601 1.627
2.24155e+08 -59.2331 -2.083
2.26051e+08 -57.8936 1.680
2.27964e+08 -59.0243 1.910
2.29893e+08 -54.3479 -0.524
2.31838e+08 -59.1758 -3.081
2.338e+08 -58.4587 2.877
2.35778e+08 -56.0672 -0.133
2.37773e+08 -56.7486 -2.341
2.39785e+08 -59.6577 -2.363
2.41814e+08 -65.0251 -2.166
2.4386e+08 -60.2624 0.785
2.45924e+08 -60.7912 -1.870
2.48005e+08 -57.7888 -1.150
2.50103e+08 -56.8623 -1.136
2.5222e+08 -56.7446 -1.176
2.54354e+08 -59.0305 2.545
2.56506e+08 -59.4171 -0.192
2.58677e+08 -58.151 -3.134
2.60865e+08 -60.2782 -0.266
2.63073e+08 -57.1484 0.306
2.65299e+08 -64.0627 0.345
2.67544e+08 -64.7054 1.550
2.69808e+08 -57.7235 1.372
2.72091e+08 -64.0658 2.056
2.74393e+08 -59.7823 1.585
2.76715e+08 -65.2133 2.143
2.79056e+08 -60.1179 0.199
2.81418e+08 -60.44 2.961
2.83799e+08 -61.6502 -2.021
2.862e+08 -54.9662 -2.823
2.88622e+08 -56.9749 -1.981
2.91064e+08 -59.8052 -1.945
2.93527e+08 -57.6903 -1.367
2.96011e+08 -61.0735 -0.615
2.98515e+08 -60.6176 -1.640
3.01041e+08 -63.9704 -1.234
3.03589e+08 -64.8124 0.517
3.06158e+08 -65.4443 -0.037
3.08748e+08 -56.6631 0.034
3.11361e+08 -62.8657 -2.182
3.13995e+08 -56.5291 0.913
3.16652e+08 -56.3153 1.929
3.19332e+08 -61.1255 1.681
3.22034e+08 -58.8509 -1.830
3.24759e+08 -65.9722 1.701
3.27507e+08 -59.1458 2.361
3.30278e+08 -56.4511 -0.314
3.33073e+08 -61.6108 -2.584
3.35891e+08 -58.4544 -2.289
3.38733e+08 -61.8883 -1.742
3.41599e+08 -59.7997 0.765
3.4449e+08 -59.3201 -1.377
3.47405e+08 -57.4387 -1.280
3.50345e+08 -58.711 0.063
3.53309e+08 -60.813 -0.452
3.56299e+08 -57.1545 -0.126
3.59313e+08 -55.3693 0.930
3.62354e+08 -53.9414 0.902
3.6542e+08 -62.5812 1.513
3.68512e+08 -63.3343 2.690
3.7163e+08 -57.1018 -1.098
3.74775e+08 -56.0441 -0.598
3.77946e+08 -60.6044 -2.885
3.81144e+08 -57.5897 -2.689
3.84369e+08 -60.1087 -2.061
3.87622e+08 -60.2985 -1.267
3.90902e+08 -59.8045 -1.755
3.94209e+08 -55.4541 -1.028
3.97545e+08 -58.405 -0.812
4.00909e+08 -61.5939 -0.287
4.04301e+08 -60.1532 -0.376
4.07722e+08 -57.2066 0.540
4.11172e+08 -59.017 0.999
4.14651e+08 -57.5632 1.673
4.1816e+08 -56.9698 2.386
4.21698e+08 -57.8599 2.500
4.25267e+08 -57.7973 3.130
4.28865e+08 -57.147 -2.446
4.32494e+08 -55.1968 -1.999
4.36154e+08 -59.5612 -1.193
4.39844e+08 -66.7547 -1.451
4.43566e+08 -59.7058 2.601
4.47319e+08 -55.5592 -0.691
4.51104e+08 -55.4816 0.083
4.54922e+08 -56.7114 -2.728
4.58771e+08 -60.2944 -2.632
4.62653e+08 -62.054 1.347
4.66568e+08 -58.5269 -1.360
4.70516e+08 -58.3894 -1.041
4.74497e+08 -59.0217 -0.263
4.78512e+08 -56.9154 -3.039
4.82561e+08 -60.7175 -2.222
4.86644e+08 -55.0897 1.355
4.90762e+08 -68.2533 -0.358
4.94915e+08 -58.2151 -0.806
4.99103e+08 -58.2309 -0.421
5.03326e+08 -60.2567 0.805
5.07585e+08 -59.6402 1.015
5.1188e+08 -59.5545 1.191
5.16211e+08 -55.3976 2.017
5.20579e+08 -58.4555 3.135
5.24984e+08 -63.2772 -0.882
5.29426e+08 -61.0759 -2.576
5.33906e+08 -55.4848 -1.485
5.38424e+08 -57.2866 -0.865
5.4298e+08 -62.3174 0.200
5.47574e+08 -58.1266 -0.037
5.52208e+08 -58.3419 -2.603
5.5688e+08 -60.6411 1.683
5.61593e+08 -57.9632 1.912
5.66345e+08 -59.3018 2.478
5.71137e+08 -56.889 -2.835
5.7597e+08 -59.7924 -1.835
5.80843e+08 -56.1638 -1.741
5.85758e+08 -57.8182 1.887
5.90715e+08 -57.9516 -0.588
5.95713e+08 -58.0631 1.015
6.00754e+08 -57.8257 0.463
6.05837e+08 -58.4846 1.966
6.10964e+08 -60.4544 1.469
6.16133e+08 -61.9461 2.757
6.21347e+08 -55.8108 -2.459
6.26604e+08 -57.6259 -1.958
6.31907e+08 -61.037 -1.191
6.37254e+08 -58.9579 2.432
6.42646e+08 -60.285 0.788
6.48084e+08 -59.2898 -2.292
6.53567e+08 -61.5268 1.830
6.59098e+08 -57.1847 1.994
6.64675e+08 -57.3424 0.431
6.70299e+08 -59.965 0.727
6.75971e+08 -53.967 -2.063
6.81691e+08 -61.1216 -1.089
6.87459e+08 -55.3908 2.923
6.93276e+08 -59.1318 0.508
6.99142e+08 -59.2707 1.077
7.05058e+08 -57.6292 2.227
7.11024e+08 -59.2415 2.540
7.17041e+08 -55.0955 -3.055
7.23108e+08 -56.021 0.999
7.29227e+08 -57.8757 -1.321
7.35397e+08 -59.2901 2.261
7.4162e+08 -58.9536 0.821
7.47895e+08 -57.0023 0.919
7.54224e+08 -62.5635 -1.277
7.60606e+08 -58.2636 2.673
7.67042e+08 -57.5582 -2.435
7.73532e+08 -59.2511 -1.823
7.80077e+08 -57.8519 -0.451
7.86678e+08 -59.0454 0.084
7.93335e+08 -58.9629 0.938
8.00048e+08 -56.5968 1.841
8.06817e+08 -56.7975 2.577
8.13644e+08 -56.7359 -2.760
8.20529e+08 -58.7148 -1.974
8.27472e+08 -57.1182 1.743
8.34474e+08 -55.7458 -0.010
8.41535e+08 -56.9643 1.225
8.48656e+08 -58.126 1.671
8.55837e+08 -65.705 -1.560
8.63079e+08 -59.573 -3.051
8.70382e+08 -57.4023 -1.589
8.77747e+08 -59.9826 2.698
8.85174e+08 -64.6484 -0.426
8.92664e+08 -56.0001 1.312
9.00217e+08 -61.0064 -0.824
9.07835e+08 -58.3343 -2.619
9.15516e+08 -59.7626 -2.189
9.23263e+08 -57.8935 -0.083
9.31076e+08 -59.9883 -0.074
9.38954e+08 -58.6664 1.007
9.46899e+08 -60.3255 1.977
9.54912e+08 -57.0227 -2.896
9.62992e+08 -56.7579 -1.955
9.7114e+08 -61.1428 -0.555
9.79358e+08 -58.4157 -0.173
9.87645e+08 -56.3704 1.320
9.96002e+08 -60.5354 -2.730
1.00443e+09 -58.3009 -0.037
1.01293e+09 -56.1956 -1.547
1.0215e+09 -57.9876 -0.556
1.03014e+09 -58.8408 0.580
1.03886e+09 -58.6072 1.544
1.04765e+09 -58.2507 -0.211
1.05652e+09 -56.9566 0.975
1.06546e+09 -60.6144 -0.535
1.07447e+09 -56.0047 0.320
1.08356e+09 -59.9452 -1.795
1.09273e+09 -60.5381 2.328
1.10198e+09 -55.5729 0.485
1.1113e+09 -64.0194 -0.721
1.12071e+09 -58.732 2.980
1.13019e+09 -54.6966 0.921
1.13975e+09 -59.5972 2.625
1.1494e+09 -60.923 -2.097
1.15912e+09 -58.6685 -1.033
1.16893e+09 -58.339 -0.471
1.17882e+09 -56.3929 1.205
1.1888e+09 -62.7427 -0.500
1.19886e+09 -59.8705 -2.560
1.209e+09 -61.3083 -0.763
1.21923e+09 -55.9043 0.414
1.22955e+09 -59.7324 1.975
1.23995e+09 -58.1641 2.335
1.25044e+09 -59.5445 2.044
1.26102e+09 -64.3908 -0.924
1.27169e+09 -65.0008 1.225
1.28245e+09 -62.6737 1.700
1.29331e+09 -62.1846 -2.604
1.30425e+09 -58.6502 -1.165
1.31529e+09 -61.9776 -2.239
1.32642e+09 -58.059 1.619
1.33764e+09 -62.876 -3.024
1.34896e+09 -57.4681 -1.420
1.36037e+09 -56.9931 -3.135
1.37188e+09 -62.6817 1.203
1.38349e+09 -60.1756 2.971
1.3952e+09 -60.5652 1.286
1.407e+09 -58.8749 -0.083
1.41891e+09 -62.4542 1.755
1.43092e+09 -55.6439 -3.040
1.44302e+09 -54.8689 -1.502
1.45523e+09 -58.5086 0.036
1.46755e+09 -57.5499 2.146
1.47997e+09 -56.4845 -2.884
1.49249e+09 -56.673 -1.398
1.50512e+09 -59.7702 0.179
1.51785e+09 -57.5342 2.354
1.5307e+09 -59.3872 -1.797
1.54365e+09 -59.0219 -0.930
1.55671e+09 -58.3387 1.210
1.56988e+09 -59.1166 -2.856
1.58317e+09 -58.5539 -1.520
1.59656e+09 -62.1635 0.544
1.61007e+09 -63.1964 2.728
1.6237e+09 -58.3064 -2.593
1.63744e+09 -56.6467 -1.603
1.65129e+09 -59.9766 -0.254
1.66526e+09 -59.1171 1.334
1.67935e+09 -62.1217 3.058
1.69357e+09 -63.051 -0.850
1.7079e+09 -59.7301 -2.225
1.72235e+09 -58.4217 -2.821
1.73692e+09 -59.6702 -2.153
1.75162e+09 -57.9756 0.288
1.76644e+09 -59.1033 -0.623
1.78139e+09 -56.5212 -1.941
1.79646e+09 -58.549 -0.529
1.81166e+09 -56.6778 1.553
1.82699e+09 -58.8269 -2.350
1.84245e+09 -62.6415 -0.732
1.85804e+09 -57.7568 1.141
1.87376e+09 -56.5292 0.628
1.88962e+09 -54.7609 2.725
1.90561e+09 -59.2625 2.280
1.92173e+09 -56.9555 -2.495
1.93799e+09 -59.757 -0.256
1.95439e+09 -56.0367 1.940
1.97093e+09 -56.9854 -2.318
1.98761e+09 -60.9574 -0.079
2.00442e+09 -60.0186 1.849
2.02139e+09 -59.3588 -2.152
2.03849e+09 -61.2251 3.131
2.05574e+09 -63.3373 2.608
2.07313e+09 -56.1971 1.894
2.09068e+09 -58.9564 0.805
2.10837e+09 -56.7583 3.131
2.12621e+09 -56.5937 -0.533
2.1442e+09 -57.9827 -1.604
2.16234e+09 -59.1114 -2.279
2.18064e+09 -55.511 -2.564
2.19909e+09 -55.3063 2.614
2.2177e+09 -61.7778 -2.297
2.23646e+09 -59.1634 1.249
2.25539e+09 -56.8263 3.102
2.27447e+09 -58.9896 -0.178
2.29372e+09 -59.5508 1.734
2.31313e+09 -58.3927 -1.660
2.3327e+09 -54.0345 0.860
2.35244e+09 -54.5195 -2.832
2.37234e+09 -55.6929 -0.574
2.39242e+09 -55.7858 1.820
2.41266e+09 -57.6872 -1.744
2.43308e+09 -59.7925 0.677
2.45366e+09 -54.6805 -2.203
2.47443e+09 -61.9273 0.084
2.49536e+09 -55.8284 0.108
2.51648e+09 -54.4029 -0.646
2.53777e+09 -55.7481 1.789
2.55925e+09 -56.631 -0.900
2.5809e+09 -56.2598 1.834
2.60274e+09 -56.7089 -1.852
2.62476e+09 -55.9172 1.056
2.64697e+09 -58.2415 -2.747
2.66937e+09 -57.783 0.440
2.69196e+09 -60.4653 3.118
2.71474e+09 -64.634 -0.262
2.73771e+09 -55.2604 -2.814
2.76087e+09 -56.1085 -0.380
2.78424e+09 -57.0701 2.849
2.8078e+09 -57.1527 -0.266
2.83155e+09 -59.1582 2.753
2.85551e+09 -55.7449 -0.404
2.87968e+09 -55.1657 -2.980
2.90404e+09 -57.9452 0.653
2.92862e+09 -57.9499 -3.034
2.9534e+09 -58.9018 0.248
2.97839e+09 -62.7735 -2.139
3.00359e+09 -58.8505 -2.143
3.02901e+09 -61.148 -1.579
3.05464e+09 -69.6074 1.931
3.08048e+09 -58.0057 -1.986
3.10655e+09 -55.7387 2.226
3.13284e+09 -56.8318 -0.833
3.15934e+09 -58.8549 2.908
3.18608e+09 -65.6121 -0.033
3.21304e+09 -59.103 -2.354
3.24022e+09 -59.1991 1.012
3.26764e+09 -58.3895 -0.577
3.29529e+09 -54.7571 1.998
3.32318e+09 -57.4554 -0.749
3.3513e+09 -59.6096 -0.186
3.37965e+09 -60.0287 0.273
3.40825e+09 -58.8956 -1.407
3.43709e+09 -58.1848 2.234
3.46617e+09 -60.9551 0.411
3.4955e+09 -60.4426 -1.989
3.52508e+09 -59.1838 2.129
3.55491e+09 -69.8062 -2.157
3.58499e+09 -60.4368 -2.621
3.61532e+09 -58.63 -1.573
3.64592e+09 -59.1913 1.835
3.67677e+09 -59.0868 2.967
3.70788e+09 -59.0539 1.315
3.73925e+09 0 0.000
3.77089e+09 0 0.000
3.8028e+09 -62.2715 -1.248
3.83498e+09 -55.667 -2.748
3.86743e+09 0 0.000
3.90015e+09 -65.3008 -2.507
3.93316e+09 0 0.000
3.96644e+09 0 0.000
4e+09 -60.6513 0.713
# failures 0, mismatches 162
