1.375e+08 -61.2629 -2.832
1.38663e+08 -57.8682 3.087
1.39837e+08 -59.2356 -2.316
1.4102e+08 -62.2513 -2.581
1.42213e+08 -58.7375 -2.372
1.43417e+08 -60.8628 -3.083
1.4463e+08 -58.0802 -1.891
1.45854e+08 -63.5314 -2.318
1.47088e+08 -58.4014 -1.615
1.48333e+08 -60.9925 -1.870
1.49588e+08 -57.8238 -1.875
1.50854e+08 -63.3672 -1.730
1.5213e+08 -63.5344 -0.921
1.53417e+08 -63.8072 -1.575
1.54716e+08 -55.4642 -0.402
1.56025e+08 -56.4673 2.151
1.57345e+08 -56.63 -0.448
1.58676e+08 -55.6099 -2.844
1.60019e+08 -60.9217 0.598
1.61373e+08 -57.8906 -0.506
1.62739e+08 -63.2035 -0.078
1.64116e+08 -56.26 0.535
1.65504e+08 -57.9979 0.444
1.66905e+08 -60.914 0.807
1.68317e+08 -57.6248 0.488
1.69741e+08 -57.023 0.851
1.71178e+08 -61.9342 1.046
1.72626e+08 -57.5775 -0.979
1.74087e+08 -56.1149 1.549
1.7556e+08 -57.1888 1.905
1.77045e+08 -57.8019 1.636
1.78543e+08 -58.6952 2.208
1.80054e+08 -60.2257 2.923
1.81578e+08 -54.0028 2.165
1.83114e+08 -58.1512 2.908
1.84664e+08 -58.533 2.830
1.86226e+08 -57.5435 3.001
1.87802e+08 -61.2737 2.620
1.89391e+08 -62.6412 -2.580
1.90994e+08 -62.8646 -2.417
1.9261e+08 -58.3648 -1.946
1.9424e+08 -56.7278 -1.367
1.95883e+08 -60.9048 -2.197
1.97541e+08 -64.0066 -2.027
1.99212e+08 -57.5165 -1.548
2.00898e+08 -58.4641 -1.248
2.02598e+08 -55.9875 -1.214
2.04312e+08 -58.4726 -0.314
2.06041e+08 -58.1294 -0.675
2.07784e+08 -59.4158 -0.688
2.09543e+08 -62.4833 -0.008
2.11316e+08 -56.0092 -0.069
2.13104e+08 -57.2201 1.010
2.14907e+08 -60.4341 0.525
2.16725e+08 -59.8713 -2.072
2.18559e+08 -60.6255 0.830
2.20409e+08 -57.4002 1.411
2.22274e+08 -60.9662 -1.572
2.24155e+08 -55.469 2.204
2.26051e+08 -58.6222 -1.442
2.27964e+08 -54.6111 2.303
2.29893e+08 -61.142 2.425
2.31838e+08 -58.2201 2.489
2.338e+08 -56.844 3.104
2.35778e+08 -57.0764 0.626
2.37773e+08 -61.1101 3.067
2.39785e+08 -57.5734 -2.829
2.41814e+08 -62.0969 -1.770
2.4386e+08 -65.4869 -2.052
2.45924e+08 -56.646 1.757
2.48005e+08 -56.3648 -1.423
2.50103e+08 -58.274 -0.830
2.5222e+08 -55.095 -0.795
2.54354e+08 -59.1513 -0.011
2.56506e+08 -62.4421 -0.321
2.58677e+08 -54.9199 -3.119
2.60865e+08 -62.0923 2.914
2.63073e+08 -64.7101 0.925
2.65299e+08 -57.7776 0.835
2.67544e+08 -58.7679 -2.302
2.69808e+08 -57.3777 1.200
2.72091e+08 -59.2789 1.507
2.74393e+08 -57.774 1.755
2.76715e+08 -55.82 2.089
2.79056e+08 -60.644 2.532
2.81418e+08 -61.6799 3.067
2.83799e+08 -60.9328 2.757
2.862e+08 -61.2745 -2.620
2.88622e+08 -59.5638 0.327
2.91064e+08 -56.1892 1.342
2.93527e+08 -58.0599 -1.903
2.96011e+08 -59.2329 -1.327
2.98515e+08 -60.3755 2.188
3.01041e+08 -55.1317 -1.136
3.03589e+08 -57.0373 -0.151
3.06158e+08 -57.3999 -0.046
3.08748e+08 -60.4279 0.536
3.11361e+08 -58.392 0.341
3.13995e+08 -58.309 0.708
3.16652e+08 -57.5661 1.264
3.19332e+08 -58.802 0.762
3.22034e+08 -55.7634 -1.215
3.24759e+08 -60.4826 2.184
3.27507e+08 -60.2765 1.952
3.30278e+08 -57.9182 2.853
3.33073e+08 -62.5069 -2.893
3.35891e+08 -59.8924 0.442
3.38733e+08 -63.1498 -2.692
3.41599e+08 -59.716 -1.401
3.4449e+08 -62.458 1.933
3.47405e+08 -56.9675 -1.749
3.50345e+08 -59.5361 -0.432
3.53309e+08 -58.0457 -0.749
3.56299e+08 -57.8564 0.235
3.59313e+08 -55.0613 0.656
3.62354e+08 -58.3757 -2.112
3.6542e+08 -59.9397 1.384
3.68512e+08 -56.0122 -1.778
3.7163e+08 -56.487 -0.996
3.74775e+08 -58.1196 2.645
3.77946e+08 -58.2956 2.530
3.81144e+08 -57.5512 -2.527
3.84369e+08 -55.7271 -2.279
3.87622e+08 -59.7152 -1.909
3.90902e+08 -60.2171 1.317
3.94209e+08 -61.2722 -1.181
3.97545e+08 -55.9338 -1.427
4.00909e+08 -58.274 -0.031
4.04301e+08 -58.1537 0.109
4.07722e+08 -57.7703 0.515
4.11172e+08 -56.6382 1.317
4.14651e+08 -57.6196 1.757
4.1816e+08 -59.7365 1.927
4.21698e+08 -55.5252 2.435
4.25267e+08 -57.5222 2.498
4.28865e+08 -62.673 2.870
4.32494e+08 -57.741 -1.762
4.36154e+08 -61.3655 -2.035
4.39844e+08 -59.4281 -1.626
4.43566e+08 -64.4532 -0.696
4.47319e+08 -57.847 -0.558
4.51104e+08 -60.6598 0.018
4.54922e+08 -62.4446 0.354
4.58771e+08 -64.5404 0.292
4.62653e+08 -56.0505 1.208
4.66568e+08 -57.3023 1.871
4.70516e+08 -57.5315 -0.359
4.74497e+08 -59.6607 2.867
4.78512e+08 -59.8944 -2.601
4.82561e+08 -59.4975 -1.839
4.86644e+08 -65.4782 1.728
4.90762e+08 -55.5012 -1.312
4.94915e+08 -61.9108 -0.589
4.99103e+08 -58.036 0.124
5.03326e+08 -58.1133 -2.881
5.07585e+08 -57.393 1.093
5.1188e+08 -56.8867 1.440
5.16211e+08 -58.6595 2.414
5.20579e+08 -58.4027 -2.996
5.24984e+08 -60.6317 -2.800
5.29426e+08 -57.7274 -2.365
5.33906e+08 -60.4064 -1.680
5.38424e+08 -59.3949 -1.092
5.4298e+08 -56.6641 -0.615
5.47574e+08 -58.862 -0.024
5.52208e+08 -61.4281 1.492
5.5688e+08 -55.8557 0.832
5.61593e+08 -57.241 1.164
5.66345e+08 -56.4128 1.981
5.71137e+08 -57.1596 -2.672
5.7597e+08 -57.672 0.162
5.80843e+08 -62.8255 -2.066
5.85758e+08 -61.2056 -1.458
5.90715e+08 -65.1053 0.140
5.95713e+08 -59.9112 -0.042
6.00754e+08 -56.5041 0.805
6.05837e+08 -57.5859 1.423
6.10964e+08 -56.7477 2.093
6.16133e+08 -60.8017 2.569
6.21347e+08 -56.6596 3.099
6.26604e+08 -59.226 -1.878
6.31907e+08 -61.8382 -1.367
6.37254e+08 -60.7373 -0.609
6.42646e+08 -57.2842 2.998
6.48084e+08 -56.5346 0.596
6.53567e+08 -58.4062 0.453
6.59098e+08 -60.8684 1.866
6.64675e+08 -62.0617 2.828
6.70299e+08 -57.6233 -2.381
6.75971e+08 -58.715 -1.383
6.81691e+08 -59.3508 1.491
6.87459e+08 -56.5289 2.781
6.93276e+08 -56.9501 0.555
6.99142e+08 -61.2985 0.555
7.05058e+08 -58.1017 1.599
7.11024e+08 -56.4577 2.669
7.17041e+08 -58.708 3.063
7.23108e+08 -60.8497 -2.087
7.29227e+08 -56.3202 -1.396
7.35397e+08 -55.3489 -0.412
7.4162e+08 -58.0497 -0.118
7.47895e+08 -59.4269 -2.099
7.54224e+08 -56.456 2.146
7.60606e+08 -59.3184 3.007
7.67042e+08 -58.9492 -2.482
7.73532e+08 -59.5788 -1.353
7.80077e+08 -57.0577 -0.381
7.86678e+08 -57.2075 0.049
7.93335e+08 -56.7425 -1.490
8.00048e+08 -59.9356 1.442
8.06817e+08 -61.4699 3.129
8.13644e+08 -57.3587 -3.058
8.20529e+08 -58.1592 -1.839
8.27472e+08 -59.2304 -0.758
8.34474e+08 -57.9161 -0.526
8.41535e+08 -58.6799 -2.425
8.48656e+08 -58.6557 2.180
8.55837e+08 -56.1809 2.798
8.63079e+08 -58.8484 -2.287
8.70382e+08 -65.9354 -1.005
8.77747e+08 -57.4761 -0.645
8.85174e+08 -60.1752 0.414
8.92664e+08 -62.458 1.451
9.00217e+08 -56.4171 2.424
9.07835e+08 -61.692 0.203
9.15516e+08 -57.8091 1.631
9.23263e+08 -65.6255 -1.064
9.31076e+08 -62.5156 0.191
9.38954e+08 -59.8913 0.847
9.46899e+08 -66.5533 -3.120
9.54912e+08 -62.3026 -2.707
9.62992e+08 -56.0409 -2.026
9.7114e+08 -63.7458 -1.371
9.79358e+08 -62.0253 -2.810
9.87645e+08 -57.7833 -1.713
9.96002e+08 -60.0137 -0.930
1.00443e+09 -63.4749 -3.097
1.01293e+09 -59.1437 -1.023
1.0215e+09 -56.5868 -1.140
1.03014e+09 -61.1167 0.504
1.03886e+09 -62.9209 1.652
1.04765e+09 -58.4339 -3.074
1.05652e+09 -57.1749 -2.089
1.06546e+09 -59.7173 -1.243
1.07447e+09 -60.0146 -0.212
1.08356e+09 -57.2359 1.171
1.09273e+09 -56.3034 2.068
1.10198e+09 -55.991 -2.374
1.1113e+09 -58.3786 -2.078
1.12071e+09 -56.021 -0.118
1.13019e+09 -56.9173 1.215
1.13975e+09 -57.6296 -0.976
1.1494e+09 -59.7187 -2.217
1.15912e+09 -58.1185 1.266
1.16893e+09 -60.378 0.485
1.17882e+09 -55.525 1.136
1.1888e+09 -62.5721 3.076
1.19886e+09 -59.1488 -3.131
1.209e+09 -65.8477 -0.932
1.21923e+09 -55.7758 -2.885
1.22955e+09 -57.2128 1.424
1.23995e+09 -65.3322 3.009
1.25044e+09 -57.1057 -1.787
1.26102e+09 -60.2007 -0.550
1.27169e+09 -65.1403 -2.730
1.28245e+09 -57.6902 -1.054
1.29331e+09 -58.0027 0.816
1.30425e+09 -54.8833 -0.817
1.31529e+09 -59.4789 -2.403
1.32642e+09 -56.6674 1.727
1.33764e+09 -53.993 2.909
1.34896e+09 -57.2216 -1.756
1.36037e+09 -55.7406 0.345
1.37188e+09 -52.9126 1.715
1.38349e+09 -59.8117 -0.275
1.3952e+09 -57.673 -1.384
1.407e+09 -61.0352 -0.104
1.41891e+09 -62.0481 0.691
1.43092e+09 -62.1476 2.810
1.44302e+09 -62.8008 -1.280
1.45523e+09 -56.6284 3.120
1.46755e+09 -60.1021 1.892
1.47997e+09 -64.4931 3.110
1.49249e+09 -58.0695 -0.976
1.50512e+09 -61.1365 0.295
1.51785e+09 -62.91 2.994
1.5307e+09 -58.5271 -1.983
1.54365e+09 -74.1628 -0.510
1.55671e+09 -57.9121 1.065
1.56988e+09 -57.7738 2.918
1.58317e+09 -56.7636 -1.455
1.59656e+09 -56.16 -2.593
1.61007e+09 -58.5151 1.972
1.6237e+09 -54.7723 -2.777
1.63744e+09 -60.9525 -0.319
1.65129e+09 -61.7266 -0.074
1.66526e+09 -61.6085 1.588
1.67935e+09 -56.1435 0.299
1.69357e+09 -59.5562 -1.310
1.7079e+09 -55.1899 0.377
1.72235e+09 -60.2516 2.762
1.73692e+09 -59.5429 1.886
1.75162e+09 -55.8595 0.147
1.76644e+09 -58.3064 -0.840
1.78139e+09 -55.1912 -2.240
1.79646e+09 -57.6109 0.030
1.81166e+09 -63.0197 1.830
1.82699e+09 -67.5315 -1.215
1.84245e+09 -60.4875 0.150
1.85804e+09 -57.6002 2.019
1.87376e+09 -54.0537 -2.213
1.88962e+09 -60.4747 -0.114
1.90561e+09 -60.5919 1.851
1.92173e+09 -55.5617 -2.164
1.93799e+09 -57.3082 3.103
1.95439e+09 -58.2638 1.887
1.97093e+09 -59.7694 -2.056
1.98761e+09 -56.0236 -0.190
2.00442e+09 -58.1348 1.597
2.02139e+09 -76.9875 -2.336
2.03849e+09 -56.4873 0.551
2.05574e+09 -56.0254 2.103
2.07313e+09 -57.0331 -1.846
2.09068e+09 -60.1761 1.100
2.10837e+09 -56.1161 -2.860
2.12621e+09 -57.7495 2.719
2.1442e+09 -58.6601 1.567
2.16234e+09 -59.0319 0.474
2.18064e+09 -60.778 -3.035
2.19909e+09 -59.7247 2.833
2.2177e+09 -58.7736 -1.330
2.23646e+09 -56.6258 1.336
2.25539e+09 -56.4442 -2.535
2.27447e+09 -56.7994 -0.075
2.29372e+09 -60.7174 1.639
2.31313e+09 -56.5862 -1.689
2.3327e+09 -64.0503 0.636
2.35244e+09 -57.8816 2.845
2.37234e+09 -58.3031 2.651
2.39242e+09 -60.3687 2.153
2.41266e+09 -57.2802 -1.664
2.43308e+09 -57.3185 1.445
2.45366e+09 -56.3836 -2.493
2.47443e+09 -56.1749 0.464
2.49536e+09 -56.9613 0.505
2.51648e+09 -58.3396 -0.663
2.53777e+09 -60.0947 1.703
2.55925e+09 -56.9118 1.666
2.5809e+09 -61.3404 1.359
2.60274e+09 -56.8726 -1.121
2.62476e+09 -55.5719 0.736
2.64697e+09 -57.5958 -2.153
2.66937e+09 -53.832 0.510
2.69196e+09 -59.4387 -2.378
2.71474e+09 -57.0359 -2.591
2.73771e+09 -56.9983 2.846
2.76087e+09 -58.0101 -0.243
2.78424e+09 -55.9124 -2.872
2.8078e+09 -54.8125 3.122
2.83155e+09 -56.6395 -0.249
2.85551e+09 -56.0345 0.333
2.87968e+09 -58.8225 -2.910
2.90404e+09 -59.7666 0.667
2.92862e+09 -53.1802 -2.682
2.9534e+09 -61.1553 0.448
2.97839e+09 -55.6596 -2.637
3.00359e+09 -58.3592 1.109
3.02901e+09 -61.987 -1.268
3.05464e+09 -62.2539 0.597
3.08048e+09 -55.0281 1.401
3.10655e+09 -57.8905 2.273
3.13284e+09 0 0.000
3.15934e+09 -58.3759 -0.929
3.18608e+09 -57.4331 0.136
3.21304e+09 -59.8972 -2.939
3.24022e+09 -59.8963 1.369
3.26764e+09 -57.2057 2.002
3.29529e+09 -55.5495 2.706
3.32318e+09 -55.6316 -0.118
3.3513e+09 -58.2457 2.675
3.37965e+09 0 0.000
3.40825e+09 -60.0268 1.419
3.43709e+09 -57.2718 2.404
3.46617e+09 -62.6371 0.379
3.4955e+09 -58.984 0.955
3.52508e+09 -58.2214 -1.522
3.55491e+09 -57.6159 0.293
3.58499e+09 -55.2544 -2.206
3.61532e+09 -62.6992 -0.850
3.64592e+09 -61.3207 1.994
3.67677e+09 -70.5132 -2.400
3.70788e+09 -65.2123 1.593
3.73925e+09 -71.1851 2.665
3.77089e+09 -58.4452 -3.124
3.8028e+09 0 0.000
3.83498e+09 -63.9347 -0.100
3.86743e+09 -61.4898 -2.058
3.90015e+09 0 0.000
3.93316e+09 -62.4725 1.306
3.96644e+09 0 0.000
4e+09 -62.036 -2.471
# failures 0, mismatches 174
