1.375e+08 -9.71657 2.807
1.38663e+08 -9.73048 2.961
1.39837e+08 -9.7245 3.117
1.4102e+08 -9.71085 -3.006
1.42213e+08 -9.72614 -2.849
1.43417e+08 -9.68684 -2.687
1.4463e+08 -9.70065 -2.524
1.45854e+08 -9.70161 -2.361
1.47088e+08 -9.70005 -2.197
1.48333e+08 -9.68189 -2.029
1.49588e+08 -9.68204 -1.868
1.50854e+08 -9.65856 -1.696
1.5213e+08 -9.63379 -1.527
1.53417e+08 -9.63247 -1.357
1.54716e+08 -9.59778 -1.187
1.56025e+08 -9.5738 -1.010
1.57345e+08 -9.564 -0.833
1.58676e+08 -9.52558 -0.657
1.60019e+08 -9.50822 -0.479
1.61373e+08 -9.50813 -0.296
1.62739e+08 -9.47046 -0.125
1.64116e+08 -9.47398 0.054
1.65504e+08 -9.45196 0.228
1.66905e+08 -9.4292 0.411
1.68317e+08 -9.43661 0.592
1.69741e+08 -9.40695 0.777
1.71178e+08 -9.41191 0.961
1.72626e+08 -9.40717 1.154
1.74087e+08 -9.37958 1.350
1.7556e+08 -9.39385 1.547
1.77045e+08 -9.38688 1.748
1.78543e+08 -9.46979 1.950
1.80054e+08 -9.44096 2.158
1.81578e+08 -9.4408 2.356
1.83114e+08 -9.43375 2.562
1.84664e+08 -9.43949 2.762
1.86226e+08 -9.4344 2.966
1.87802e+08 -9.43536 -3.111
1.89391e+08 -9.43756 -2.907
1.90994e+08 -9.44701 -2.693
1.9261e+08 -9.4486 -2.479
1.9424e+08 -9.43891 -2.269
1.95883e+08 -9.46177 -2.053
1.97541e+08 -9.44609 -1.833
1.99212e+08 -9.46474 -1.612
2.00898e+08 -9.43602 -1.392
2.02598e+08 -9.44847 -1.168
2.04312e+08 -9.4778 -0.941
2.06041e+08 -9.47362 -0.716
2.07784e+08 -9.48774 -0.482
2.09543e+08 -9.49689 -0.253
2.11316e+08 -9.5043 -0.020
2.13104e+08 -9.49209 0.217
2.14907e+08 -9.53199 0.462
2.16725e+08 -9.5317 0.700
2.18559e+08 -9.51913 0.935
2.20409e+08 -9.53928 1.186
2.22274e+08 -9.5467 1.431
2.24155e+08 -9.54133 1.678
2.26051e+08 -9.56094 1.933
2.27964e+08 -9.55043 2.181
2.29893e+08 -9.65312 2.434
2.31838e+08 -9.65283 2.692
2.338e+08 -9.66321 2.950
2.35778e+08 -9.65892 -3.067
2.37773e+08 -9.65396 -2.813
2.39785e+08 -9.68637 -2.543
2.41814e+08 -9.67845 -2.272
2.4386e+08 -9.6669 -2.000
2.45924e+08 -9.69506 -1.725
2.48005e+08 -9.71302 -1.454
2.50103e+08 -9.70812 -1.179
2.5222e+08 -9.70985 -0.891
2.54354e+08 -9.73693 -0.618
2.56506e+08 -9.74778 -0.329
2.58677e+08 -9.7449 -0.037
2.60865e+08 -9.74872 0.255
2.63073e+08 -9.75409 0.541
2.65299e+08 -9.78893 0.836
2.67544e+08 -9.80746 1.131
2.69808e+08 -9.81123 1.429
2.72091e+08 -9.78371 1.730
2.74393e+08 -9.81819 2.042
2.76715e+08 -9.82958 2.354
2.79056e+08 -9.84761 2.655
2.81418e+08 -9.85486 2.978
2.83799e+08 -9.90274 -2.990
2.862e+08 -9.89853 -2.674
2.88622e+08 -9.90653 -2.353
2.91064e+08 -9.88596 -2.026
2.93527e+08 -9.83835 -1.698
2.96011e+08 -9.8204 -1.366
2.98515e+08 -9.77753 -1.041
3.01041e+08 -9.77916 -0.700
3.03589e+08 -9.78195 -0.364
3.06158e+08 -9.76574 -0.015
3.08748e+08 -9.78205 0.324
3.11361e+08 -9.78354 0.679
3.13995e+08 -9.81865 1.019
3.16652e+08 -9.80293 1.363
3.19332e+08 -9.79575 1.715
3.22034e+08 -9.81465 2.074
3.24759e+08 -9.8162 2.426
3.27507e+08 -9.82692 2.791
3.30278e+08 -9.81673 -3.116
3.33073e+08 -9.83627 -2.741
3.35891e+08 -9.81359 -2.349
3.38733e+08 -9.80417 -1.966
3.41599e+08 -9.81047 -1.581
3.4449e+08 -9.817 -1.196
3.47405e+08 -9.82768 -0.807
3.50345e+08 -9.80228 -0.424
3.53309e+08 -9.78098 -0.028
3.56299e+08 -9.82745 0.361
3.59313e+08 -9.83514 0.762
3.62354e+08 -9.7963 1.151
3.6542e+08 -9.7822 1.551
3.68512e+08 -9.78259 1.940
3.7163e+08 -9.75091 2.357
3.74775e+08 -9.71642 2.774
3.77946e+08 -9.69232 -3.086
3.81144e+08 -9.69185 -2.664
3.84369e+08 -9.66815 -2.243
3.87622e+08 -9.65516 -1.812
3.90902e+08 -9.66724 -1.386
3.94209e+08 -9.63711 -0.941
3.97545e+08 -9.62366 -0.503
4.00909e+08 -9.6022 -0.056
4.04301e+08 -9.61173 0.389
4.07722e+08 -9.5845 0.838
4.11172e+08 -9.62629 1.286
4.14651e+08 -9.62157 1.740
4.1816e+08 -9.62169 2.186
4.21698e+08 -9.63297 2.661
4.25267e+08 -9.67905 3.126
4.28865e+08 -9.70253 -2.683
4.32494e+08 -9.75675 -2.199
4.36154e+08 -9.80026 -1.720
4.39844e+08 -9.83657 -1.244
4.43566e+08 -9.8771 -0.755
4.47319e+08 -9.96958 -0.270
4.51104e+08 -10.0352 0.210
4.54922e+08 -10.1184 0.707
4.58771e+08 -10.2986 1.217
4.62653e+08 -10.4275 1.739
4.66568e+08 -10.5286 2.290
4.70516e+08 -10.5904 2.820
4.74497e+08 -10.5657 -2.905
4.78512e+08 -10.4784 -2.335
4.82561e+08 -10.4069 -1.799
4.86644e+08 -10.381 -1.279
4.90762e+08 -10.3417 -0.739
4.94915e+08 -10.3013 -0.212
4.99103e+08 -10.3205 0.330
5.03326e+08 -10.3571 0.869
5.07585e+08 -10.3257 1.417
5.1188e+08 -10.3467 1.990
5.16211e+08 -10.317 2.581
5.20579e+08 -10.3123 -3.109
5.24984e+08 -10.2868 -2.516
5.29426e+08 -10.2403 -1.925
5.33906e+08 -10.2137 -1.322
5.38424e+08 -10.211 -0.713
5.4298e+08 -10.166 -0.102
5.47574e+08 -10.1588 0.509
5.52208e+08 -10.1212 1.141
5.5688e+08 -10.0997 1.745
5.61593e+08 -10.0928 2.355
5.66345e+08 -10.113 2.989
5.71137e+08 -10.1 -2.665
5.7597e+08 -10.1222 -2.018
5.80843e+08 -10.1359 -1.373
5.85758e+08 -10.1751 -0.732
5.90715e+08 -10.2287 -0.079
5.95713e+08 -10.2735 0.585
6.00754e+08 -10.3472 1.273
6.05837e+08 -10.3644 1.949
6.10964e+08 -10.4197 2.641
6.16133e+08 -10.5031 -2.961
6.21347e+08 -10.5225 -2.269
6.26604e+08 -10.5387 -1.565
6.31907e+08 -10.56 -0.872
6.37254e+08 -10.5758 -0.161
6.42646e+08 -10.5595 0.549
6.48084e+08 -10.5258 1.276
6.53567e+08 -10.473 2.025
6.59098e+08 -10.4204 2.766
6.64675e+08 -10.4031 -2.775
6.70299e+08 -10.3325 -2.003
6.75971e+08 -10.269 -1.227
6.81691e+08 -10.2443 -0.468
6.87459e+08 -10.1993 0.290
6.93276e+08 -10.1971 1.047
6.99142e+08 -10.2061 1.820
7.05058e+08 -10.2039 2.583
7.11024e+08 -10.2567 -2.942
7.17041e+08 -10.322 -2.212
7.23108e+08 -10.3587 -1.413
7.29227e+08 -10.4325 -0.626
7.35397e+08 -10.5149 0.193
7.4162e+08 -10.5809 1.023
7.47895e+08 -10.6461 1.822
7.54224e+08 -10.6952 2.635
7.60606e+08 -10.7818 -2.783
7.67042e+08 -10.8564 -1.912
7.73532e+08 -10.8834 -1.058
7.80077e+08 -10.9392 -0.174
7.86678e+08 -10.9895 0.702
7.93335e+08 -10.9873 1.576
8.00048e+08 -11.0518 2.476
8.06817e+08 -11.0733 -2.907
8.13644e+08 -11.1049 -2.022
8.20529e+08 -11.1289 -1.114
8.27472e+08 -11.1731 -0.227
8.34474e+08 -11.173 0.661
8.41535e+08 -11.2425 1.557
8.48656e+08 -11.2697 2.492
8.55837e+08 -11.3236 -2.812
8.63079e+08 -11.3801 -1.823
8.70382e+08 -11.4359 -0.852
8.77747e+08 -11.4669 0.151
8.85174e+08 -11.495 1.195
8.92664e+08 -11.4847 2.224
9.00217e+08 -11.5247 -3.049
9.07835e+08 -11.4704 -2.008
9.15516e+08 -11.528 -0.966
9.23263e+08 -11.5167 0.096
9.31076e+08 -11.501 1.150
9.38954e+08 -11.4256 2.209
9.46899e+08 -11.4187 -3.022
9.54912e+08 -11.4403 -1.985
9.62992e+08 -11.4996 -0.938
9.7114e+08 -11.59 0.116
9.79358e+08 -11.6955 1.192
9.87645e+08 -11.7684 2.325
9.96002e+08 -11.6929 -2.841
1.00443e+09 -11.6017 -1.690
1.01293e+09 -11.5482 -0.534
1.0215e+09 -11.5692 0.622
1.03014e+09 -11.5338 1.740
1.03886e+09 -11.4684 2.906
1.04765e+09 -11.4325 -2.202
1.05652e+09 -11.3331 -1.102
1.06546e+09 -11.2808 0.035
1.07447e+09 -11.2564 1.149
1.08356e+09 -11.2216 2.346
1.09273e+09 -11.2904 -2.762
1.10198e+09 -11.3037 -1.566
1.1113e+09 -11.3441 -0.309
1.12071e+09 -11.434 0.927
1.13019e+09 -11.513 2.182
1.13975e+09 -11.6447 -2.834
1.1494e+09 -11.7727 -1.621
1.15912e+09 -11.9236 -0.386
1.16893e+09 -12.0539 0.880
1.17882e+09 -12.1582 2.159
1.1888e+09 -12.2186 -2.817
1.19886e+09 -12.2949 -1.437
1.209e+09 -12.2898 -0.064
1.21923e+09 -12.2685 1.368
1.22955e+09 -12.2278 2.777
1.23995e+09 -12.1518 -2.085
1.25044e+09 -12.1193 -0.703
1.26102e+09 -11.985 0.722
1.27169e+09 -11.9164 2.173
1.28245e+09 -11.8596 -2.666
1.29331e+09 -11.7881 -1.272
1.30425e+09 -11.8016 0.186
1.31529e+09 -11.7767 1.658
1.32642e+09 -11.8588 -3.134
1.33764e+09 -11.9799 -1.587
1.34896e+09 -12.1062 -0.031
1.36037e+09 -12.2175 1.513
1.37188e+09 -12.3583 3.034
1.38349e+09 -12.4475 -1.662
1.3952e+09 -12.4443 -0.052
1.407e+09 -12.4438 1.533
1.41891e+09 -12.3726 -3.138
1.43092e+09 -12.3235 -1.575
1.44302e+09 -12.2883 0.070
1.45523e+09 -12.2257 1.685
1.46755e+09 -12.2272 -2.965
1.47997e+09 -12.3275 -1.368
1.49249e+09 -12.4254 0.295
1.50512e+09 -12.6022 2.019
1.51785e+09 -12.6984 -2.533
1.5307e+09 -12.7136 -0.805
1.54365e+09 -12.7192 1.003
1.55671e+09 -12.5319 2.776
1.56988e+09 -12.3597 -1.759
1.58317e+09 -12.1749 0.023
1.59656e+09 -12.1654 1.778
1.61007e+09 -12.3179 -2.725
1.6237e+09 -12.6718 -0.882
1.63744e+09 -13.1128 0.942
1.65129e+09 -13.5857 2.274
1.66526e+09 -13.4631 -2.819
1.67935e+09 -13.229 -0.930
1.69357e+09 -13.055 1.014
1.7079e+09 -12.8713 2.856
1.72235e+09 -12.9577 -1.538
1.73692e+09 -13.1296 0.398
1.75162e+09 -13.218 2.350
1.76644e+09 -13.3147 -2.059
1.78139e+09 -13.3558 -0.166
1.79646e+09 -13.2916 1.691
1.81166e+09 -13.3031 -2.657
1.82699e+09 -13.3921 -0.706
1.84245e+09 -13.4701 1.318
1.85804e+09 -13.6962 -2.970
1.87376e+09 -13.929 -0.859
1.88962e+09 -14.2283 1.219
1.90561e+09 -14.3218 -2.833
1.92173e+09 -14.0393 -0.660
1.93799e+09 -13.3595 1.515
1.95439e+09 -12.4661 -2.618
1.97093e+09 -12.1621 -0.373
1.98761e+09 -12.9115 1.803
2.00442e+09 -14.4526 -2.178
2.02139e+09 -16.066 0.141
2.03849e+09 -17.0758 2.590
2.05574e+09 -17.0591 -1.260
2.07313e+09 -16.1499 1.187
2.09068e+09 -15.1569 -2.659
2.10837e+09 -14.4333 -0.336
2.12621e+09 -14.1993 1.921
2.1442e+09 -14.2282 -2.097
2.16234e+09 -14.6067 0.114
2.18064e+09 -15.3291 2.427
2.19909e+09 -15.8464 -1.553
2.2177e+09 -15.4609 0.792
2.23646e+09 -15.0254 -3.053
2.25539e+09 -14.3262 -0.777
2.27447e+09 -14.208 1.586
2.29372e+09 -14.8292 -2.182
2.31313e+09 -15.2714 0.511
2.3327e+09 -15.0406 -3.084
2.35244e+09 -14.8755 -0.386
2.37234e+09 -15.7643 2.343
2.39242e+09 -17.1095 -1.288
2.41266e+09 -18.0776 1.373
2.43308e+09 -18.5662 -2.059
2.45366e+09 -18.084 0.724
2.47443e+09 -16.9618 -2.849
2.49536e+09 -16.5968 -0.286
2.51648e+09 -16.6536 2.188
2.53777e+09 -16.8022 -1.541
2.55925e+09 -17.4621 1.260
2.5809e+09 -18.9108 -2.094
2.60274e+09 -19.4284 1.101
2.62476e+09 -18.4539 -2.111
2.64697e+09 -17.533 0.854
2.66937e+09 -18.7492 -2.371
2.69196e+09 -21.402 0.765
2.71474e+09 -22.9581 -2.151
2.73771e+09 -21.7477 1.246
2.76087e+09 -20.5696 -1.733
2.78424e+09 -20.4274 1.373
2.8078e+09 -20.2734 -1.830
2.83155e+09 -20.3791 1.252
2.85551e+09 -20.2508 -1.865
2.87968e+09 -19.5602 1.295
2.90404e+09 -18.4054 -1.792
2.92862e+09 -17.2651 1.380
2.9534e+09 -16.9415 -1.630
2.97839e+09 -18.1882 1.982
3.00359e+09 -16.9979 -0.567
3.02901e+09 -15.323 2.885
3.05464e+09 -16.6405 0.080
3.08048e+09 -18.3562 -2.636
3.10655e+09 -18.3628 1.068
3.13284e+09 -16.1482 -1.567
3.15934e+09 -14.5855 1.850
3.18608e+09 -14.0242 -1.242
3.21304e+09 -14.4085 2.087
3.24022e+09 -15.8482 -0.515
3.26764e+09 -16.197 -2.786
3.29529e+09 -14.2436 0.917
3.32318e+09 -12.0675 -1.622
3.3513e+09 -13.6067 2.132
3.37965e+09 -15.6999 -0.099
3.40825e+09 -14.691 -2.157
3.43709e+09 -13.6365 1.852
3.46617e+09 -13.6022 -0.562
3.4955e+09 -13.7402 -2.964
3.52508e+09 -13.6183 1.102
3.55491e+09 -13.4587 -1.162
3.58499e+09 -13.3104 2.611
3.61532e+09 -13.1947 0.323
3.64592e+09 -13.928 -1.537
3.67677e+09 -13.0199 2.969
3.70788e+09 -12.8694 1.047
3.73925e+09 -14.4694 -0.931
3.77089e+09 -15.0458 -2.749
3.8028e+09 -13.5741 1.804
3.83498e+09 -12.1912 -0.012
3.86743e+09 -11.828 -2.153
3.90015e+09 -12.4931 2.171
3.93316e+09 -13.6284 0.280
3.96644e+09 -13.6803 -1.262
4e+09 -12.5976 -2.828
# failures 0, mismatches 0
