1.375e+08 -9.73677 2.802
1.38663e+08 -9.74184 2.959
1.39837e+08 -9.76318 3.118
1.4102e+08 -9.74572 -3.004
1.42213e+08 -9.73707 -2.849
1.43417e+08 -9.73862 -2.686
1.4463e+08 -9.73036 -2.525
1.45854e+08 -9.71684 -2.357
1.47088e+08 -9.72849 -2.194
1.48333e+08 -9.69664 -2.029
1.49588e+08 -9.67499 -1.862
1.50854e+08 -9.68824 -1.696
1.5213e+08 -9.64217 -1.524
1.53417e+08 -9.66537 -1.361
1.54716e+08 -9.62221 -1.185
1.56025e+08 -9.60034 -1.008
1.57345e+08 -9.57819 -0.833
1.58676e+08 -9.56131 -0.657
1.60019e+08 -9.53807 -0.478
1.61373e+08 -9.51696 -0.299
1.62739e+08 -9.52023 -0.124
1.64116e+08 -9.47218 0.055
1.65504e+08 -9.46188 0.230
1.66905e+08 -9.43792 0.412
1.68317e+08 -9.43684 0.594
1.69741e+08 -9.44133 0.777
1.71178e+08 -9.41594 0.961
1.72626e+08 -9.41552 1.152
1.74087e+08 -9.40457 1.351
1.7556e+08 -9.40502 1.548
1.77045e+08 -9.40104 1.749
1.78543e+08 -9.46134 1.952
1.80054e+08 -9.45577 2.156
1.81578e+08 -9.47141 2.352
1.83114e+08 -9.47128 2.561
1.84664e+08 -9.45401 2.761
1.86226e+08 -9.46216 2.967
1.87802e+08 -9.45299 -3.110
1.89391e+08 -9.46494 -2.911
1.90994e+08 -9.45336 -2.692
1.9261e+08 -9.45612 -2.478
1.9424e+08 -9.46961 -2.267
1.95883e+08 -9.46275 -2.053
1.97541e+08 -9.47937 -1.830
1.99212e+08 -9.46407 -1.612
2.00898e+08 -9.48197 -1.392
2.02598e+08 -9.48862 -1.169
2.04312e+08 -9.50256 -0.941
2.06041e+08 -9.50078 -0.712
2.07784e+08 -9.49175 -0.478
2.09543e+08 -9.52936 -0.252
2.11316e+08 -9.51862 -0.016
2.13104e+08 -9.53465 0.217
2.14907e+08 -9.52852 0.459
2.16725e+08 -9.54675 0.702
2.18559e+08 -9.55772 0.938
2.20409e+08 -9.55574 1.185
2.22274e+08 -9.562 1.434
2.24155e+08 -9.55328 1.683
2.26051e+08 -9.55748 1.930
2.27964e+08 -9.59118 2.180
2.29893e+08 -9.64657 2.435
2.31838e+08 -9.66927 2.694
2.338e+08 -9.68765 2.948
2.35778e+08 -9.66793 -3.064
2.37773e+08 -9.67256 -2.812
2.39785e+08 -9.69228 -2.544
2.41814e+08 -9.70094 -2.274
2.4386e+08 -9.69701 -2.004
2.45924e+08 -9.71329 -1.721
2.48005e+08 -9.71174 -1.450
2.50103e+08 -9.72374 -1.178
2.5222e+08 -9.74104 -0.896
2.54354e+08 -9.75078 -0.617
2.56506e+08 -9.7605 -0.335
2.58677e+08 -9.75451 -0.037
2.60865e+08 -9.79018 0.254
2.63073e+08 -9.77813 0.540
2.65299e+08 -9.77474 0.838
2.67544e+08 -9.80602 1.132
2.69808e+08 -9.81641 1.432
2.72091e+08 -9.84203 1.738
2.74393e+08 -9.84087 2.044
2.76715e+08 -9.85589 2.357
2.79056e+08 -9.88636 2.658
2.81418e+08 -9.88174 2.979
2.83799e+08 -9.89685 -2.991
2.862e+08 -9.89966 -2.673
2.88622e+08 -9.91904 -2.350
2.91064e+08 -9.88944 -2.024
2.93527e+08 -9.87495 -1.695
2.96011e+08 -9.82717 -1.366
2.98515e+08 -9.8085 -1.038
3.01041e+08 -9.82787 -0.699
3.03589e+08 -9.81218 -0.362
3.06158e+08 -9.78818 -0.016
3.08748e+08 -9.79702 0.324
3.11361e+08 -9.80369 0.682
3.13995e+08 -9.78891 1.020
3.16652e+08 -9.82272 1.359
3.19332e+08 -9.82524 1.715
3.22034e+08 -9.82342 2.077
3.24759e+08 -9.83515 2.425
3.27507e+08 -9.84521 2.795
3.30278e+08 -9.81519 -3.110
3.33073e+08 -9.8231 -2.741
3.35891e+08 -9.83085 -2.354
3.38733e+08 -9.82206 -1.966
3.41599e+08 -9.84673 -1.578
3.4449e+08 -9.83052 -1.196
3.47405e+08 -9.81748 -0.807
3.50345e+08 -9.79445 -0.425
3.53309e+08 -9.77352 -0.029
3.56299e+08 -9.85834 0.363
3.59313e+08 -9.82615 0.761
3.62354e+08 -9.81032 1.153
3.6542e+08 -9.81702 1.552
3.68512e+08 -9.79306 1.944
3.7163e+08 -9.76126 2.360
3.74775e+08 -9.74189 2.777
3.77946e+08 -9.72203 -3.087
3.81144e+08 -9.72539 -2.666
3.84369e+08 -9.68305 -2.241
3.87622e+08 -9.65095 -1.809
3.90902e+08 -9.65692 -1.378
3.94209e+08 -9.64953 -0.942
3.97545e+08 -9.62492 -0.502
4.00909e+08 -9.59662 -0.056
4.04301e+08 -9.59902 0.391
4.07722e+08 -9.59948 0.837
4.11172e+08 -9.60814 1.289
4.14651e+08 -9.63463 1.744
4.1816e+08 -9.63128 2.187
4.21698e+08 -9.65233 2.659
4.25267e+08 -9.68129 3.131
4.28865e+08 -9.73711 -2.682
4.32494e+08 -9.77055 -2.200
4.36154e+08 -9.7885 -1.721
4.39844e+08 -9.847 -1.245
4.43566e+08 -9.91095 -0.753
4.47319e+08 -9.95645 -0.271
4.51104e+08 -10.0537 0.208
4.54922e+08 -10.1326 0.706
4.58771e+08 -10.3137 1.211
4.62653e+08 -10.4432 1.737
4.66568e+08 -10.5224 2.293
4.70516e+08 -10.5984 2.823
4.74497e+08 -10.5657 -2.902
4.78512e+08 -10.5153 -2.339
4.82561e+08 -10.44 -1.799
4.86644e+08 -10.3714 -1.279
4.90762e+08 -10.356 -0.744
4.94915e+08 -10.3354 -0.213
4.99103e+08 -10.348 0.326
5.03326e+08 -10.321 0.868
5.07585e+08 -10.3283 1.418
5.1188e+08 -10.3446 1.992
5.16211e+08 -10.3115 2.578
5.20579e+08 -10.3163 -3.112
5.24984e+08 -10.2895 -2.515
5.29426e+08 -10.2686 -1.916
5.33906e+08 -10.2404 -1.324
5.38424e+08 -10.2033 -0.713
5.4298e+08 -10.178 -0.099
5.47574e+08 -10.169 0.510
5.52208e+08 -10.1465 1.142
5.5688e+08 -10.115 1.745
5.61593e+08 -10.0875 2.352
5.66345e+08 -10.0977 2.985
5.71137e+08 -10.1189 -2.658
5.7597e+08 -10.1099 -2.022
5.80843e+08 -10.1865 -1.378
5.85758e+08 -10.2236 -0.732
5.90715e+08 -10.2297 -0.075
5.95713e+08 -10.2982 0.589
6.00754e+08 -10.3594 1.277
6.05837e+08 -10.3914 1.951
6.10964e+08 -10.4666 2.642
6.16133e+08 -10.4967 -2.959
6.21347e+08 -10.5272 -2.263
6.26604e+08 -10.525 -1.564
6.31907e+08 -10.5766 -0.872
6.37254e+08 -10.5801 -0.158
6.42646e+08 -10.5438 0.553
6.48084e+08 -10.5298 1.278
6.53567e+08 -10.5015 2.024
6.59098e+08 -10.4584 2.758
6.64675e+08 -10.4178 -2.772
6.70299e+08 -10.3561 -2.007
6.75971e+08 -10.3255 -1.233
6.81691e+08 -10.2591 -0.471
6.87459e+08 -10.2153 0.292
6.93276e+08 -10.2093 1.047
6.99142e+08 -10.1948 1.815
7.05058e+08 -10.2038 2.584
7.11024e+08 -10.2476 -2.937
7.17041e+08 -10.3262 -2.211
7.23108e+08 -10.4001 -1.412
7.29227e+08 -10.4562 -0.630
7.35397e+08 -10.5138 0.196
7.4162e+08 -10.5735 1.026
7.47895e+08 -10.6727 1.822
7.54224e+08 -10.7587 2.639
7.60606e+08 -10.7811 -2.783
7.67042e+08 -10.8773 -1.908
7.73532e+08 -10.9114 -1.051
7.80077e+08 -10.9456 -0.168
7.86678e+08 -11.0045 0.703
7.93335e+08 -11.0106 1.583
8.00048e+08 -11.0447 2.477
8.06817e+08 -11.0977 -2.904
8.13644e+08 -11.1173 -2.029
8.20529e+08 -11.1602 -1.115
8.27472e+08 -11.1802 -0.230
8.34474e+08 -11.2163 0.658
8.41535e+08 -11.264 1.552
8.48656e+08 -11.2948 2.489
8.55837e+08 -11.3264 -2.813
8.63079e+08 -11.3929 -1.829
8.70382e+08 -11.4434 -0.853
8.77747e+08 -11.4583 0.146
8.85174e+08 -11.5218 1.187
8.92664e+08 -11.5154 2.219
9.00217e+08 -11.5015 -3.053
9.07835e+08 -11.4621 -2.010
9.15516e+08 -11.5554 -0.964
9.23263e+08 -11.5235 0.098
9.31076e+08 -11.4833 1.150
9.38954e+08 -11.4507 2.212
9.46899e+08 -11.4416 -3.023
9.54912e+08 -11.4611 -1.978
9.62992e+08 -11.4996 -0.932
9.7114e+08 -11.6011 0.120
9.79358e+08 -11.7126 1.200
9.87645e+08 -11.7518 2.323
9.96002e+08 -11.7036 -2.845
1.00443e+09 -11.634 -1.689
1.01293e+09 -11.6011 -0.527
1.0215e+09 -11.549 0.633
1.03014e+09 -11.5576 1.746
1.03886e+09 -11.4803 2.912
1.04765e+09 -11.419 -2.196
1.05652e+09 -11.3414 -1.101
1.06546e+09 -11.2694 0.036
1.07447e+09 -11.2732 1.146
1.08356e+09 -11.2539 2.342
1.09273e+09 -11.2556 -2.759
1.10198e+09 -11.3315 -1.559
1.1113e+09 -11.3647 -0.306
1.12071e+09 -11.4697 0.933
1.13019e+09 -11.526 2.183
1.13975e+09 -11.6327 -2.833
1.1494e+09 -11.8042 -1.621
1.15912e+09 -11.9347 -0.382
1.16893e+09 -12.0286 0.882
1.17882e+09 -12.1481 2.159
1.1888e+09 -12.2616 -2.814
1.19886e+09 -12.2722 -1.441
1.209e+09 -12.3012 -0.066
1.21923e+09 -12.3373 1.374
1.22955e+09 -12.2424 2.770
1.23995e+09 -12.1597 -2.095
1.25044e+09 -12.1149 -0.707
1.26102e+09 -12.0393 0.706
1.27169e+09 -11.9054 2.170
1.28245e+09 -11.8529 -2.681
1.29331e+09 -11.7929 -1.280
1.30425e+09 -11.8035 0.173
1.31529e+09 -11.7981 1.646
1.32642e+09 -11.8693 -3.137
1.33764e+09 -12.009 -1.593
1.34896e+09 -12.1168 -0.033
1.36037e+09 -12.2382 1.508
1.37188e+09 -12.3858 3.034
1.38349e+09 -12.4555 -1.656
1.3952e+09 -12.4772 -0.044
1.407e+09 -12.4782 1.542
1.41891e+09 -12.391 -3.131
1.43092e+09 -12.371 -1.566
1.44302e+09 -12.248 0.082
1.45523e+09 -12.2572 1.693
1.46755e+09 -12.2578 -2.961
1.47997e+09 -12.3359 -1.357
1.49249e+09 -12.4522 0.313
1.50512e+09 -12.5836 2.032
1.51785e+09 -12.7327 -2.509
1.5307e+09 -12.6973 -0.784
1.54365e+09 -12.6988 1.027
1.55671e+09 -12.5557 2.801
1.56988e+09 -12.3777 -1.736
1.58317e+09 -12.2471 0.041
1.59656e+09 -12.2022 1.799
1.61007e+09 -12.376 -2.694
1.6237e+09 -12.7275 -0.868
1.63744e+09 -13.1084 0.964
1.65129e+09 -13.6807 2.333
1.66526e+09 -13.5021 -2.807
1.67935e+09 -13.2782 -0.903
1.69357e+09 -13.0328 1.037
1.7079e+09 -12.8636 2.876
1.72235e+09 -12.9516 -1.512
1.73692e+09 -13.0861 0.423
1.75162e+09 -13.2284 2.371
1.76644e+09 -13.2969 -2.028
1.78139e+09 -13.3284 -0.143
1.79646e+09 -13.3226 1.723
1.81166e+09 -13.3084 -2.629
1.82699e+09 -13.3719 -0.667
1.84245e+09 -13.5404 1.333
1.85804e+09 -13.6996 -2.945
1.87376e+09 -13.9676 -0.833
1.88962e+09 -14.2291 1.249
1.90561e+09 -14.3249 -2.809
1.92173e+09 -14.0564 -0.631
1.93799e+09 -13.3692 1.551
1.95439e+09 -12.4904 -2.587
1.97093e+09 -12.1671 -0.330
1.98761e+09 -12.9297 1.834
2.00442e+09 -14.4246 -2.144
2.02139e+09 -16.0369 0.169
2.03849e+09 -17.0545 2.617
2.05574e+09 -17.1218 -1.229
2.07313e+09 -16.1541 1.235
2.09068e+09 -15.1319 -2.622
2.10837e+09 -14.4308 -0.324
2.12621e+09 -14.2163 1.953
2.1442e+09 -14.2522 -2.065
2.16234e+09 -14.666 0.137
2.18064e+09 -15.2424 2.459
2.19909e+09 -15.903 -1.537
2.2177e+09 -15.4256 0.821
2.23646e+09 -14.9974 -3.006
2.25539e+09 -14.3851 -0.735
2.27447e+09 -14.2221 1.615
2.29372e+09 -14.8266 -2.141
2.31313e+09 -15.3225 0.553
2.3327e+09 -14.9843 -3.058
2.35244e+09 -14.9231 -0.354
2.37234e+09 -15.777 2.366
2.39242e+09 -17.0986 -1.256
2.41266e+09 -18.1534 1.399
2.43308e+09 -18.5983 -2.031
2.45366e+09 -18.0619 0.758
2.47443e+09 -17.0273 -2.809
2.49536e+09 -16.6023 -0.240
2.51648e+09 -16.6729 2.211
2.53777e+09 -16.7866 -1.509
2.55925e+09 -17.5039 1.287
2.5809e+09 -18.9453 -2.067
2.60274e+09 -19.4822 1.107
2.62476e+09 -18.4658 -2.085
2.64697e+09 -17.4785 0.886
2.66937e+09 -18.7668 -2.340
2.69196e+09 -21.2919 0.794
2.71474e+09 -22.8957 -2.115
2.73771e+09 -21.7979 1.282
2.76087e+09 -20.597 -1.694
2.78424e+09 -20.3852 1.400
2.8078e+09 -20.2365 -1.786
2.83155e+09 -20.298 1.295
2.85551e+09 -20.1423 -1.847
2.87968e+09 -19.4932 1.324
2.90404e+09 -18.444 -1.778
2.92862e+09 -17.1829 1.383
2.9534e+09 -16.9815 -1.615
2.97839e+09 -18.201 1.977
3.00359e+09 -17.0687 -0.547
3.02901e+09 -15.3357 2.901
3.05464e+09 -16.6874 0.085
3.08048e+09 -18.3597 -2.630
3.10655e+09 -18.376 1.081
3.13284e+09 -16.1708 -1.560
3.15934e+09 -14.587 1.855
3.18608e+09 -14.0439 -1.237
3.21304e+09 -14.4049 2.084
3.24022e+09 -15.8081 -0.532
3.26764e+09 -16.1723 -2.796
3.29529e+09 -14.2058 0.895
3.32318e+09 -12.1179 -1.620
3.3513e+09 -13.6177 2.123
3.37965e+09 -15.6792 -0.104
3.40825e+09 -14.7512 -2.155
3.43709e+09 -13.6789 1.857
3.46617e+09 -13.5916 -0.557
3.4955e+09 -13.757 -2.950
3.52508e+09 -13.6426 1.133
3.55491e+09 -13.4866 -1.148
3.58499e+09 -13.326 2.622
3.61532e+09 -13.213 0.331
3.64592e+09 -13.9083 -1.533
3.67677e+09 -13.1071 2.963
3.70788e+09 -12.8849 1.050
3.73925e+09 -14.4569 -0.919
3.77089e+09 -15.0781 -2.715
3.8028e+09 -13.5885 1.814
3.83498e+09 -12.1498 0.012
3.86743e+09 -11.8547 -2.132
3.90015e+09 -12.4937 2.190
3.93316e+09 -13.6139 0.305
3.96644e+09 -13.7023 -1.248
4e+09 -12.5828 -2.822
# failures 0, mismatches 0
