1.375e+08 -29.3841 -1.334
1.38663e+08 -29.4896 -1.199
1.39837e+08 -29.5706 -1.047
1.4102e+08 -29.552 -0.889
1.42213e+08 -29.3758 -0.742
1.43417e+08 -29.4088 -0.600
1.4463e+08 -29.4856 -0.448
1.45854e+08 -29.2888 -0.281
1.47088e+08 -29.3211 -0.138
1.48333e+08 -29.2616 0.031
1.49588e+08 -29.4083 0.162
1.50854e+08 -29.4195 0.326
1.5213e+08 -29.3794 0.482
1.53417e+08 -29.4283 0.648
1.54716e+08 -29.4444 0.798
1.56025e+08 -29.5082 0.978
1.57345e+08 -29.3549 1.117
1.58676e+08 -29.4859 1.281
1.60019e+08 -29.4474 1.467
1.61373e+08 -29.5774 1.638
1.62739e+08 -29.5317 1.802
1.64116e+08 -29.4538 1.962
1.65504e+08 -29.5382 2.132
1.66905e+08 -29.3486 2.310
1.68317e+08 -29.5319 2.483
1.69741e+08 -29.636 2.661
1.71178e+08 -29.6102 2.833
1.72626e+08 -29.6918 3.016
1.74087e+08 -29.8516 -3.073
1.7556e+08 -29.7365 -2.887
1.77045e+08 -29.5768 -2.710
1.78543e+08 -29.7038 -2.518
1.80054e+08 -29.6211 -2.302
1.81578e+08 -29.653 -2.107
1.83114e+08 -29.7354 -1.913
1.84664e+08 -29.6147 -1.722
1.86226e+08 -29.8039 -1.538
1.87802e+08 -29.7098 -1.358
1.89391e+08 -29.7324 -1.146
1.90994e+08 -29.6535 -0.929
1.9261e+08 -29.667 -0.717
1.9424e+08 -29.6609 -0.536
1.95883e+08 -29.6012 -0.338
1.97541e+08 -29.4868 -0.128
1.99212e+08 -29.7699 0.100
2.00898e+08 -29.6883 0.303
2.02598e+08 -29.7469 0.518
2.04312e+08 -29.7652 0.740
2.06041e+08 -29.8792 0.980
2.07784e+08 -29.9044 1.187
2.09543e+08 -29.7839 1.374
2.11316e+08 -29.6523 1.592
2.13104e+08 -29.8419 1.855
2.14907e+08 -29.7807 2.067
2.16725e+08 -29.6481 2.283
2.18559e+08 -29.7707 2.511
2.20409e+08 -29.7225 2.769
2.22274e+08 -29.7437 3.005
2.24155e+08 -29.7492 -3.065
2.26051e+08 -29.9339 -2.827
2.27964e+08 -29.8014 -2.599
2.29893e+08 -29.9151 -2.334
2.31838e+08 -29.927 -2.074
2.338e+08 -29.8768 -1.847
2.35778e+08 -29.7309 -1.581
2.37773e+08 -29.915 -1.351
2.39785e+08 -29.7585 -1.100
2.41814e+08 -29.9471 -0.829
2.4386e+08 -29.8905 -0.581
2.45924e+08 -29.9681 -0.322
2.48005e+08 -30.1305 -0.069
2.50103e+08 -30.0086 0.217
2.5222e+08 -30.003 0.496
2.54354e+08 -29.8565 0.746
2.56506e+08 -29.8835 1.011
2.58677e+08 -29.9356 1.287
2.60865e+08 -29.9638 1.569
2.63073e+08 -29.9184 1.848
2.65299e+08 -29.7588 2.126
2.67544e+08 -29.7495 2.419
2.69808e+08 -29.7619 2.689
2.72091e+08 -29.8707 2.965
2.74393e+08 -29.8754 -3.024
2.76715e+08 -29.9534 -2.698
2.79056e+08 -29.8058 -2.428
2.81418e+08 -29.7058 -2.126
2.83799e+08 -29.6465 -1.836
2.862e+08 -29.5766 -1.574
2.88622e+08 -29.6947 -1.247
2.91064e+08 -29.6679 -0.959
2.93527e+08 -29.9216 -0.653
2.96011e+08 -29.7552 -0.346
2.98515e+08 -29.9316 -0.017
3.01041e+08 -29.9194 0.300
3.03589e+08 -30.0131 0.617
3.06158e+08 -30.0025 0.969
3.08748e+08 -30.0201 1.308
3.11361e+08 -29.9712 1.624
3.13995e+08 -30.0252 1.956
3.16652e+08 -29.9194 2.276
3.19332e+08 -30.2968 2.632
3.22034e+08 -30.0426 2.957
3.24759e+08 -30.0605 -2.981
3.27507e+08 -30.0559 -2.625
3.30278e+08 -29.8509 -2.264
3.33073e+08 -29.918 -1.919
3.35891e+08 -30.0183 -1.540
3.38733e+08 -30.0403 -1.173
3.41599e+08 -29.9282 -0.813
3.4449e+08 -29.8332 -0.432
3.47405e+08 -29.7851 -0.072
3.50345e+08 -30.0768 0.283
3.53309e+08 -29.9685 0.673
3.56299e+08 -29.8356 1.031
3.59313e+08 -29.8697 1.410
3.62354e+08 -29.8712 1.791
3.6542e+08 -29.953 2.153
3.68512e+08 -29.8481 2.535
3.7163e+08 -29.8571 2.926
3.74775e+08 -29.6771 -2.965
3.77946e+08 -29.7606 -2.566
3.81144e+08 -29.4988 -2.177
3.84369e+08 -29.5086 -1.767
3.87622e+08 -29.6853 -1.358
3.90902e+08 -29.5405 -0.958
3.94209e+08 -29.5686 -0.524
3.97545e+08 -29.6502 -0.146
4.00909e+08 -29.7425 0.285
4.04301e+08 -29.6435 0.718
4.07722e+08 -29.5247 1.133
4.11172e+08 -29.6374 1.551
4.14651e+08 -29.6857 2.003
4.1816e+08 -29.4559 2.429
4.21698e+08 -29.5868 2.891
4.25267e+08 -29.5801 -2.973
4.28865e+08 -29.5899 -2.512
4.32494e+08 -29.5324 -2.046
4.36154e+08 -29.6221 -1.598
4.39844e+08 -29.4763 -1.144
4.43566e+08 -29.6935 -0.681
4.47319e+08 -29.6545 -0.227
4.51104e+08 -29.6654 0.247
4.54922e+08 -29.842 0.703
4.58771e+08 -29.5558 1.170
4.62653e+08 -29.6636 1.686
4.66568e+08 -29.6797 2.176
4.70516e+08 -29.5743 2.640
4.74497e+08 -29.5231 3.125
4.78512e+08 -29.7772 -2.673
4.82561e+08 -29.9209 -2.173
4.86644e+08 -30.0785 -1.678
4.90762e+08 -30.423 -1.154
4.94915e+08 -30.292 -0.622
4.99103e+08 -30.5833 -0.126
5.03326e+08 -30.583 0.398
5.07585e+08 -30.7247 0.925
5.1188e+08 -30.7435 1.459
5.16211e+08 -30.665 2.028
5.20579e+08 -30.8513 2.585
5.24984e+08 -30.7619 3.138
5.29426e+08 -30.865 -2.561
5.33906e+08 -30.7572 -2.004
5.38424e+08 -30.77 -1.404
5.4298e+08 -30.8967 -0.823
5.47574e+08 -30.8807 -0.233
5.52208e+08 -30.8728 0.341
5.5688e+08 -30.746 0.922
5.61593e+08 -30.8562 1.487
5.66345e+08 -30.9897 2.098
5.71137e+08 -31.0753 2.695
5.7597e+08 -30.8717 -2.977
5.80843e+08 -30.9441 -2.389
5.85758e+08 -31.2077 -1.755
5.90715e+08 -31.1704 -1.143
5.95713e+08 -31.4606 -0.473
6.00754e+08 -31.4694 0.143
6.05837e+08 -31.3079 0.797
6.10964e+08 -31.4133 1.462
6.16133e+08 -31.7004 2.107
6.21347e+08 -31.6241 2.748
6.26604e+08 -31.5148 -2.846
6.31907e+08 -31.4225 -2.179
6.37254e+08 -31.3816 -1.516
6.42646e+08 -31.4333 -0.855
6.48084e+08 -31.3064 -0.150
6.53567e+08 -31.3873 0.562
6.59098e+08 -31.4579 1.237
6.64675e+08 -31.04 1.958
6.70299e+08 -31.093 2.693
6.75971e+08 -31.2631 -2.869
6.81691e+08 -31.133 -2.147
6.87459e+08 -31.0062 -1.416
6.93276e+08 -30.869 -0.708
6.99142e+08 -30.854 0.025
7.05058e+08 -30.6927 0.742
7.11024e+08 -30.8062 1.440
7.17041e+08 -30.8682 2.117
7.23108e+08 -31.0596 2.875
7.29227e+08 -31.0691 -2.667
7.35397e+08 -30.9069 -1.918
7.4162e+08 -31.0097 -1.141
7.47895e+08 -31.1327 -0.369
7.54224e+08 -31.121 0.378
7.60606e+08 -31.1507 1.190
7.67042e+08 -31.3254 2.009
7.73532e+08 -31.3506 2.820
7.80077e+08 -31.3561 -2.677
7.86678e+08 -31.5896 -1.834
7.93335e+08 -31.7252 -1.007
8.00048e+08 -31.7704 -0.182
8.06817e+08 -31.7516 0.673
8.13644e+08 -32.2253 1.515
8.20529e+08 -31.9837 2.355
8.27472e+08 -32.1581 -3.091
8.34474e+08 -31.9209 -2.234
8.41535e+08 -32.0995 -1.410
8.48656e+08 -32.2547 -0.550
8.55837e+08 -32.264 0.376
8.63079e+08 -32.841 1.296
8.70382e+08 -32.8836 2.249
8.77747e+08 -32.813 -3.084
8.85174e+08 -32.9938 -2.124
8.92664e+08 -32.8182 -1.127
9.00217e+08 -32.8675 -0.157
9.07835e+08 -32.9939 0.850
9.15516e+08 -33.0273 1.830
9.23263e+08 -33.1595 2.853
9.31076e+08 -33.0503 -2.464
9.38954e+08 -33.2604 -1.445
9.46899e+08 -33.0755 -0.454
9.54912e+08 -32.9111 0.566
9.62992e+08 -33.0165 1.537
9.7114e+08 -32.9258 2.572
9.79358e+08 -32.9915 -2.741
9.87645e+08 -33.0193 -1.677
9.96002e+08 -32.9052 -0.586
1.00443e+09 -32.7406 0.483
1.01293e+09 -32.461 1.595
1.0215e+09 -32.0928 2.705
1.03014e+09 -31.9973 -2.560
1.03886e+09 -31.9519 -1.492
1.04765e+09 -31.712 -0.457
1.05652e+09 -31.6501 0.549
1.06546e+09 -31.8645 1.572
1.07447e+09 -32.465 2.596
1.08356e+09 -32.5028 -2.580
1.09273e+09 -33.2315 -1.425
1.10198e+09 -33.7398 -0.268
1.1113e+09 -33.7109 0.935
1.12071e+09 -33.8688 2.134
1.13019e+09 -34.199 -2.983
1.13975e+09 -34.1927 -1.760
1.1494e+09 -34.6936 -0.583
1.15912e+09 -34.4785 0.597
1.16893e+09 -34.6625 1.842
1.17882e+09 -34.7391 3.064
1.1888e+09 -34.818 -2.030
1.19886e+09 -34.9893 -0.686
1.209e+09 -34.8203 0.587
1.21923e+09 -34.9245 1.945
1.22955e+09 -34.8416 -2.987
1.23995e+09 -34.6487 -1.668
1.25044e+09 -34.3611 -0.423
1.26102e+09 -34.8692 0.972
1.27169e+09 -34.6994 2.306
1.28245e+09 -35.0122 -2.587
1.29331e+09 -35.1406 -1.287
1.30425e+09 -35.3779 0.058
1.31529e+09 -35.2103 1.479
1.32642e+09 -35.4974 2.877
1.33764e+09 -35.5385 -1.964
1.34896e+09 -36.1853 -0.485
1.36037e+09 -36.107 0.982
1.37188e+09 -36.7914 2.432
1.38349e+09 -37.753 -2.348
1.3952e+09 -37.6859 -0.770
1.407e+09 -37.4497 0.719
1.41891e+09 -37.6261 2.251
1.43092e+09 -37.8919 -2.559
1.44302e+09 -37.7365 -0.974
1.45523e+09 -38.3235 0.534
1.46755e+09 -37.9509 2.114
1.47997e+09 -38.2961 -2.620
1.49249e+09 -38.5347 -1.026
1.50512e+09 -38.7264 0.578
1.51785e+09 -39.362 2.207
1.5307e+09 -39.2336 -2.341
1.54365e+09 -39.6663 -0.714
1.55671e+09 -39.6196 0.981
1.56988e+09 -39.6294 2.621
1.58317e+09 -39.4643 -1.975
1.59656e+09 -40.3216 -0.246
1.61007e+09 -40.3825 1.373
1.6237e+09 -40.8869 -3.076
1.63744e+09 -41.9937 -1.368
1.65129e+09 -42.5362 -0.194
1.66526e+09 -42.4239 1.013
1.67935e+09 -43.0112 2.708
1.69357e+09 -41.5669 -1.701
1.7079e+09 -42.8735 0.093
1.72235e+09 -42.8625 1.871
1.73692e+09 -44.1373 -2.614
1.75162e+09 -44.3746 -0.655
1.76644e+09 -44.5282 1.196
1.78139e+09 -44.2536 2.915
1.79646e+09 -44.6932 -1.668
1.81166e+09 -44.6797 0.190
1.82699e+09 -45.317 2.158
1.84245e+09 -46.0359 -2.286
1.85804e+09 -46.7115 -0.336
1.87376e+09 -47.7391 1.699
1.88962e+09 -47.5174 -2.511
1.90561e+09 -47.8809 -0.364
1.92173e+09 -47.671 1.950
1.93799e+09 -46.4647 -2.350
1.95439e+09 -46.5079 -0.325
1.97093e+09 -45.2736 1.827
1.98761e+09 -47.249 -2.322
2.00442e+09 -47.7193 -0.004
2.02139e+09 -49.2092 2.184
2.03849e+09 -51.1672 -1.550
2.05574e+09 -51.7886 0.160
2.07313e+09 -49.4222 2.798
2.09068e+09 -49.5991 -1.108
2.10837e+09 -48.8317 0.991
2.12621e+09 -50.4232 -2.852
2.1442e+09 -48.1761 -0.686
2.16234e+09 -49.8858 1.418
2.18064e+09 -50.1479 -2.453
2.19909e+09 -50.8117 -0.237
2.2177e+09 -52.1708 2.051
2.23646e+09 -51.5059 -1.696
2.25539e+09 -49.1649 0.468
2.27447e+09 -49.8755 2.783
2.29372e+09 -50.3099 -1.111
2.31313e+09 -52.0549 1.541
2.3327e+09 -51.7685 -2.296
2.35244e+09 -51.5965 0.056
2.37234e+09 -51.8473 2.899
2.39242e+09 -53.5735 -1.023
2.41266e+09 -55.5794 1.509
2.43308e+09 -55.6552 -1.911
2.45366e+09 -51.9277 1.053
2.47443e+09 -55.1117 -3.009
2.49536e+09 -51.7516 -0.527
2.51648e+09 -55.5457 1.552
2.53777e+09 -57.0567 -2.446
2.55925e+09 -54.4858 0.479
2.5809e+09 -56.2241 2.734
2.60274e+09 -56.6136 0.072
2.62476e+09 -55.4228 2.574
2.64697e+09 -55.0224 -0.927
2.66937e+09 -55.9673 1.988
2.69196e+09 -56.9795 -1.514
2.71474e+09 -56.3117 1.202
2.73771e+09 -54.8769 -2.124
2.76087e+09 -52.2201 1.172
2.78424e+09 -52.1023 -2.568
2.8078e+09 -52.9071 0.402
2.83155e+09 -54.1706 -2.891
2.85551e+09 -53.2155 0.020
2.87968e+09 -52.4972 2.884
2.90404e+09 -50.5639 -0.603
2.92862e+09 -50.4469 2.386
2.9534e+09 -50.3761 -0.898
2.97839e+09 -56.8229 2.168
3.00359e+09 -55.8527 -0.508
3.02901e+09 -54.6096 3.046
3.05464e+09 -56.0372 1.291
3.08048e+09 -54.1201 -1.741
3.10655e+09 -53.6488 2.023
3.13284e+09 -51.6279 -0.830
3.15934e+09 -50.1695 2.498
3.18608e+09 -49.3788 -0.878
3.21304e+09 -49.7765 2.404
3.24022e+09 -50.8122 -0.333
3.26764e+09 -50.8787 -2.837
3.29529e+09 -48.5939 0.928
3.32318e+09 -45.0168 -1.851
3.3513e+09 -48.3341 1.557
3.37965e+09 -49.485 -0.623
3.40825e+09 -49.4295 -2.833
3.43709e+09 -48.1755 0.852
3.46617e+09 -49.5377 -1.717
3.4955e+09 -50.1119 2.009
3.52508e+09 -50.664 -0.182
3.55491e+09 -51.855 -2.581
3.58499e+09 -50.8643 1.094
3.61532e+09 -52.7784 -1.508
3.64592e+09 -53.0566 2.954
3.67677e+09 -50.7099 1.133
3.70788e+09 -48.1596 -1.120
3.73925e+09 -50.3774 3.035
3.77089e+09 -48.6498 1.084
3.8028e+09 -50.1957 -0.956
3.83498e+09 -48.5809 -3.030
3.86743e+09 -47.0481 0.929
3.90015e+09 -48.8363 -0.993
3.93316e+09 -48.7541 3.025
3.96644e+09 -52.0402 1.047
4e+09 -47.9976 -0.528
# failures 0, mismatches 0
