1.375e+08 -29.5355 -1.338
1.38663e+08 -29.4641 -1.202
1.39837e+08 -29.5322 -1.043
1.4102e+08 -29.4587 -0.913
1.42213e+08 -29.4513 -0.726
1.43417e+08 -29.3429 -0.604
1.4463e+08 -29.5449 -0.440
1.45854e+08 -29.3717 -0.284
1.47088e+08 -29.3349 -0.137
1.48333e+08 -29.265 0.005
1.49588e+08 -29.363 0.158
1.50854e+08 -29.3089 0.318
1.5213e+08 -29.4025 0.480
1.53417e+08 -29.5034 0.647
1.54716e+08 -29.3506 0.795
1.56025e+08 -29.4405 0.960
1.57345e+08 -29.561 1.114
1.58676e+08 -29.4819 1.306
1.60019e+08 -29.5506 1.460
1.61373e+08 -29.5994 1.643
1.62739e+08 -29.5983 1.786
1.64116e+08 -29.5258 1.972
1.65504e+08 -29.545 2.135
1.66905e+08 -29.5572 2.304
1.68317e+08 -29.5723 2.497
1.69741e+08 -29.594 2.652
1.71178e+08 -29.6641 2.821
1.72626e+08 -29.4277 3.026
1.74087e+08 -29.5399 -3.070
1.7556e+08 -29.6087 -2.892
1.77045e+08 -29.6112 -2.705
1.78543e+08 -29.6153 -2.527
1.80054e+08 -29.6563 -2.308
1.81578e+08 -29.7584 -2.103
1.83114e+08 -29.6769 -1.938
1.84664e+08 -29.5984 -1.724
1.86226e+08 -29.7465 -1.517
1.87802e+08 -29.6781 -1.336
1.89391e+08 -29.6082 -1.130
1.90994e+08 -29.7697 -0.943
1.9261e+08 -29.7857 -0.723
1.9424e+08 -29.8488 -0.526
1.95883e+08 -29.4961 -0.345
1.97541e+08 -29.6666 -0.121
1.99212e+08 -29.843 0.080
2.00898e+08 -29.8551 0.309
2.02598e+08 -29.5828 0.513
2.04312e+08 -29.8831 0.724
2.06041e+08 -29.607 0.951
2.07784e+08 -29.7787 1.177
2.09543e+08 -29.6812 1.369
2.11316e+08 -29.8149 1.615
2.13104e+08 -29.6908 1.824
2.14907e+08 -29.7827 2.064
2.16725e+08 -29.7574 2.301
2.18559e+08 -29.7618 2.534
2.20409e+08 -29.7757 2.764
2.22274e+08 -29.7843 2.990
2.24155e+08 -29.9275 -3.072
2.26051e+08 -29.7546 -2.820
2.27964e+08 -29.9284 -2.579
2.29893e+08 -29.7804 -2.350
2.31838e+08 -29.8457 -2.099
2.338e+08 -29.7936 -1.848
2.35778e+08 -29.845 -1.593
2.37773e+08 -29.7387 -1.342
2.39785e+08 -29.9121 -1.098
2.41814e+08 -29.8606 -0.823
2.4386e+08 -29.9248 -0.575
2.45924e+08 -29.9595 -0.307
2.48005e+08 -29.9254 -0.042
2.50103e+08 -29.9363 0.198
2.5222e+08 -29.8511 0.476
2.54354e+08 -29.9234 0.744
2.56506e+08 -29.8981 1.012
2.58677e+08 -29.9847 1.296
2.60865e+08 -29.9638 1.579
2.63073e+08 -29.9326 1.856
2.65299e+08 -29.8887 2.112
2.67544e+08 -29.8581 2.412
2.69808e+08 -29.8154 2.672
2.72091e+08 -29.9157 2.964
2.74393e+08 -29.9119 -3.012
2.76715e+08 -29.8883 -2.715
2.79056e+08 -29.8638 -2.427
2.81418e+08 -29.6334 -2.110
2.83799e+08 -29.6949 -1.852
2.862e+08 -29.651 -1.529
2.88622e+08 -29.7448 -1.252
2.91064e+08 -29.6814 -0.938
2.93527e+08 -30.003 -0.629
2.96011e+08 -29.9216 -0.324
2.98515e+08 -29.7672 -0.021
3.01041e+08 -30.0318 0.308
3.03589e+08 -30.2557 0.641
3.06158e+08 -30.0568 0.950
3.08748e+08 -30.1681 1.291
3.11361e+08 -29.9572 1.642
3.13995e+08 -30.0155 1.953
3.16652e+08 -30.2517 2.284
3.19332e+08 -30.135 2.623
3.22034e+08 -30.1241 2.974
3.24759e+08 -30.0092 -2.964
3.27507e+08 -30.0015 -2.624
3.30278e+08 -29.8009 -2.287
3.33073e+08 -29.9585 -1.917
3.35891e+08 -30.0414 -1.553
3.38733e+08 -30.13 -1.191
3.41599e+08 -29.9559 -0.842
3.4449e+08 -29.9637 -0.457
3.47405e+08 -29.9491 -0.092
3.50345e+08 -29.8583 0.281
3.53309e+08 -29.8794 0.643
3.56299e+08 -29.8197 1.022
3.59313e+08 -29.8587 1.407
3.62354e+08 -29.9425 1.778
3.6542e+08 -29.859 2.161
3.68512e+08 -29.6785 2.512
3.7163e+08 -29.7573 2.935
3.74775e+08 -29.7282 -2.955
3.77946e+08 -29.7473 -2.591
3.81144e+08 -29.6092 -2.165
3.84369e+08 -29.4984 -1.784
3.87622e+08 -29.6229 -1.378
3.90902e+08 -29.6363 -0.970
3.94209e+08 -29.5032 -0.536
3.97545e+08 -29.6409 -0.126
4.00909e+08 -29.4481 0.264
4.04301e+08 -29.7664 0.702
4.07722e+08 -29.5911 1.144
4.11172e+08 -29.6117 1.573
4.14651e+08 -29.6393 1.993
4.1816e+08 -29.599 2.422
4.21698e+08 -29.7839 2.888
4.25267e+08 -29.6424 -2.980
4.28865e+08 -29.5827 -2.519
4.32494e+08 -29.5053 -2.059
4.36154e+08 -29.8011 -1.605
4.39844e+08 -29.4497 -1.155
4.43566e+08 -29.6414 -0.678
4.47319e+08 -29.6499 -0.227
4.51104e+08 -29.6709 0.241
4.54922e+08 -29.6971 0.694
4.58771e+08 -29.6485 1.166
4.62653e+08 -29.5856 1.674
4.66568e+08 -29.647 2.159
4.70516e+08 -29.4614 2.641
4.74497e+08 -29.496 3.113
4.78512e+08 -29.741 -2.660
4.82561e+08 -29.9653 -2.160
4.86644e+08 -30.2975 -1.665
4.90762e+08 -30.3157 -1.139
4.94915e+08 -30.5704 -0.651
4.99103e+08 -30.4427 -0.117
5.03326e+08 -30.7077 0.385
5.07585e+08 -30.6016 0.917
5.1188e+08 -30.711 1.471
5.16211e+08 -30.64 2.028
5.20579e+08 -30.5426 2.597
5.24984e+08 -30.6473 -3.130
5.29426e+08 -30.9036 -2.552
5.33906e+08 -30.6006 -1.995
5.38424e+08 -30.7109 -1.447
5.4298e+08 -30.7712 -0.843
5.47574e+08 -30.6771 -0.271
5.52208e+08 -30.7071 0.325
5.5688e+08 -30.6823 0.927
5.61593e+08 -30.8289 1.504
5.66345e+08 -30.8997 2.083
5.71137e+08 -30.8759 2.690
5.7597e+08 -31.0509 -2.975
5.80843e+08 -31.179 -2.359
5.85758e+08 -30.9757 -1.745
5.90715e+08 -31.175 -1.143
5.95713e+08 -31.2575 -0.490
6.00754e+08 -31.2163 0.180
6.05837e+08 -31.4797 0.788
6.10964e+08 -31.3351 1.436
6.16133e+08 -31.3259 2.109
6.21347e+08 -31.3751 2.789
6.26604e+08 -31.4044 -2.866
6.31907e+08 -31.3866 -2.213
6.37254e+08 -31.6954 -1.517
6.42646e+08 -31.4209 -0.833
6.48084e+08 -31.4783 -0.164
6.53567e+08 -31.4572 0.557
6.59098e+08 -31.418 1.248
6.64675e+08 -31.3053 1.971
6.70299e+08 -31.1282 2.676
6.75971e+08 -31.0643 -2.858
6.81691e+08 -31.1234 -2.137
6.87459e+08 -30.8301 -1.415
6.93276e+08 -30.9468 -0.735
6.99142e+08 -30.7188 -0.005
7.05058e+08 -30.7809 0.733
7.11024e+08 -30.8873 1.429
7.17041e+08 -30.972 2.111
7.23108e+08 -30.7321 2.872
7.29227e+08 -31.1709 -2.653
7.35397e+08 -31.242 -1.904
7.4162e+08 -30.9956 -1.134
7.47895e+08 -31.1219 -0.370
7.54224e+08 -31.3079 0.400
7.60606e+08 -31.436 1.202
7.67042e+08 -31.3097 1.995
7.73532e+08 -31.4524 2.818
7.80077e+08 -31.435 -2.633
7.86678e+08 -31.7636 -1.823
7.93335e+08 -31.6851 -1.003
8.00048e+08 -31.7863 -0.138
8.06817e+08 -31.8786 0.675
8.13644e+08 -31.9215 1.528
8.20529e+08 -32.0104 2.337
8.27472e+08 -32.0478 -3.095
8.34474e+08 -32.0106 -2.265
8.41535e+08 -32.1237 -1.392
8.48656e+08 -32.3531 -0.548
8.55837e+08 -32.4465 0.383
8.63079e+08 -32.5768 1.315
8.70382e+08 -32.9401 2.255
8.77747e+08 -32.6669 -3.088
8.85174e+08 -32.9207 -2.092
8.92664e+08 -33.0117 -1.125
9.00217e+08 -32.8643 -0.138
9.07835e+08 -32.9872 0.817
9.15516e+08 -33.0071 1.847
9.23263e+08 -32.9037 2.821
9.31076e+08 -33.105 -2.434
9.38954e+08 -33.0486 -1.422
9.46899e+08 -33.1844 -0.422
9.54912e+08 -32.9984 0.562
9.62992e+08 -32.8346 1.555
9.7114e+08 -32.856 2.524
9.79358e+08 -33.1181 -2.722
9.87645e+08 -32.9529 -1.633
9.96002e+08 -32.7423 -0.596
1.00443e+09 -32.5222 0.486
1.01293e+09 -32.3344 1.584
1.0215e+09 -32.2066 2.661
1.03014e+09 -32.0558 -2.585
1.03886e+09 -31.763 -1.465
1.04765e+09 -31.8113 -0.424
1.05652e+09 -31.6437 0.567
1.06546e+09 -31.7124 1.599
1.07447e+09 -32.3244 2.590
1.08356e+09 -32.5068 -2.589
1.09273e+09 -33.2282 -1.439
1.10198e+09 -33.5002 -0.261
1.1113e+09 -33.8773 0.926
1.12071e+09 -34.0375 2.110
1.13019e+09 -34.0912 -2.969
1.13975e+09 -34.3642 -1.756
1.1494e+09 -34.3075 -0.585
1.15912e+09 -34.3502 0.611
1.16893e+09 -34.7892 1.802
1.17882e+09 -34.5675 3.005
1.1888e+09 -35.0174 -2.043
1.19886e+09 -34.6934 -0.736
1.209e+09 -34.8754 0.596
1.21923e+09 -34.851 1.952
1.22955e+09 -34.7548 -3.005
1.23995e+09 -34.4928 -1.710
1.25044e+09 -34.4893 -0.441
1.26102e+09 -35.0512 0.939
1.27169e+09 -35.1101 2.327
1.28245e+09 -35.0125 -2.590
1.29331e+09 -34.835 -1.297
1.30425e+09 -34.8995 0.062
1.31529e+09 -35.4871 1.472
1.32642e+09 -35.613 2.853
1.33764e+09 -35.6708 -1.889
1.34896e+09 -35.4492 -0.443
1.36037e+09 -36.7387 1.022
1.37188e+09 -36.9477 2.457
1.38349e+09 -37.1423 -2.335
1.3952e+09 -37.2265 -0.771
1.407e+09 -37.9639 0.715
1.41891e+09 -37.6543 2.258
1.43092e+09 -37.7226 -2.522
1.44302e+09 -37.5821 -1.011
1.45523e+09 -38.1296 0.588
1.46755e+09 -38.2897 2.144
1.47997e+09 -38.3244 -2.651
1.49249e+09 -38.5338 -1.070
1.50512e+09 -39.1589 0.494
1.51785e+09 -39.1591 2.189
1.5307e+09 -39.6414 -2.428
1.54365e+09 -39.6088 -0.708
1.55671e+09 -39.5406 0.999
1.56988e+09 -39.0909 2.625
1.58317e+09 -39.392 -1.866
1.59656e+09 -40.7255 -0.311
1.61007e+09 -40.2821 1.425
1.6237e+09 -40.627 3.130
1.63744e+09 -42.2098 -1.337
1.65129e+09 -41.5949 -0.170
1.66526e+09 -42.6039 0.918
1.67935e+09 -42.0618 2.763
1.69357e+09 -41.9508 -1.660
1.7079e+09 -42.456 0.044
1.72235e+09 -43.2102 1.914
1.73692e+09 -43.6088 -2.545
1.75162e+09 -43.4652 -0.693
1.76644e+09 -44.2487 1.196
1.78139e+09 -44.0546 3.063
1.79646e+09 -44.233 -1.532
1.81166e+09 -44.9856 0.310
1.82699e+09 -46.1131 2.016
1.84245e+09 -45.4867 -2.156
1.85804e+09 -46.161 -0.277
1.87376e+09 -48.3333 1.741
1.88962e+09 -46.5647 -2.389
1.90561e+09 -48.8512 -0.344
1.92173e+09 -47.445 1.796
1.93799e+09 -46.3728 -2.210
1.95439e+09 -47.0382 -0.451
1.97093e+09 -46.0412 1.942
1.98761e+09 -45.7945 -2.411
2.00442e+09 -46.3115 0.014
2.02139e+09 -49.5221 1.932
2.03849e+09 -50.6583 -1.724
2.05574e+09 -51.9578 0.399
2.07313e+09 -50.6419 2.882
2.09068e+09 -47.8762 -0.972
2.10837e+09 -48.71 1.144
2.12621e+09 -50.3734 -2.937
2.1442e+09 -49.8315 -0.801
2.16234e+09 -51.3915 1.514
2.18064e+09 -50.5291 -2.393
2.19909e+09 -52.8703 -0.103
2.2177e+09 -52.7252 1.841
2.23646e+09 -49.4008 -1.920
2.25539e+09 -50.0673 0.459
2.27447e+09 -49.0948 2.528
2.29372e+09 -50.4505 -1.233
2.31313e+09 -50.0242 1.237
2.3327e+09 -49.6071 -2.416
2.35244e+09 -54.2985 0.029
2.37234e+09 -54.0639 3.024
2.39242e+09 -54.2711 -0.634
2.41266e+09 -58.0842 1.668
2.43308e+09 -56.7392 -1.695
2.45366e+09 -55.4395 0.760
2.47443e+09 -54.4045 -2.696
2.49536e+09 -53.1493 -0.652
2.51648e+09 -55.3213 1.744
2.53777e+09 -52.6056 -2.247
2.55925e+09 -55.6819 -2.666
2.5809e+09 -57.0814 2.978
2.60274e+09 -56.6229 -0.759
2.62476e+09 -53.916 2.827
2.64697e+09 -53.0544 -0.771
2.66937e+09 -55.836 1.802
2.69196e+09 -58.8607 -1.998
2.71474e+09 -55.4634 -2.426
2.73771e+09 -55.157 -2.103
2.76087e+09 -54.838 0.625
2.78424e+09 -54.5163 -2.441
2.8078e+09 -55.8812 0.443
2.83155e+09 -52.6236 -3.141
2.85551e+09 -52.2745 -3.053
2.87968e+09 -54.0528 2.620
2.90404e+09 -48.6076 -0.657
2.92862e+09 -51.4562 2.201
2.9534e+09 -50.712 -0.961
2.97839e+09 -54.1651 2.328
3.00359e+09 -55.078 -0.124
3.02901e+09 -59.9511 -2.735
3.05464e+09 -61.9477 1.118
3.08048e+09 -56.3225 -1.990
3.10655e+09 -55.545 2.279
3.13284e+09 -53.9432 -0.860
3.15934e+09 -51.3096 2.347
3.18608e+09 -49.1861 -0.821
3.21304e+09 -50.2087 2.462
3.24022e+09 -51.0266 -0.363
3.26764e+09 -51.0013 -2.762
3.29529e+09 -49.054 0.889
3.32318e+09 -45.8316 -1.842
3.3513e+09 -48.6161 1.631
3.37965e+09 -49.8497 -0.846
3.40825e+09 -51.5496 -2.830
3.43709e+09 -48.2334 0.994
3.46617e+09 -48.7619 -1.604
3.4955e+09 -50.0747 2.081
3.52508e+09 -51.4403 -0.078
3.55491e+09 -51.0364 -2.802
3.58499e+09 -51.1233 0.888
3.61532e+09 -49.5293 -1.319
3.64592e+09 -50.938 2.902
3.67677e+09 -49.2534 1.032
3.70788e+09 -50.4225 -1.060
3.73925e+09 -48.5529 3.018
3.77089e+09 -49.8647 1.144
3.8028e+09 -48.0863 -0.807
3.83498e+09 -47.3416 -2.782
3.86743e+09 -46.7984 1.033
3.90015e+09 -47.9207 -1.129
3.93316e+09 -51.0865 2.917
3.96644e+09 -50.234 1.281
4e+09 -50.3634 -0.408
# failures 0, mismatches 0
