1.375e+08 -29.3596 -1.336
1.38663e+08 -29.4526 -1.191
1.39837e+08 -29.6472 -1.054
1.4102e+08 -29.3429 -0.903
1.42213e+08 -29.3681 -0.751
1.43417e+08 -29.4037 -0.597
1.4463e+08 -29.328 -0.445
1.45854e+08 -29.3218 -0.317
1.47088e+08 -29.389 -0.147
1.48333e+08 -29.3705 0.011
1.49588e+08 -29.4238 0.173
1.50854e+08 -29.3812 0.320
1.5213e+08 -29.4873 0.457
1.53417e+08 -29.5456 0.645
1.54716e+08 -29.4761 0.792
1.56025e+08 -29.4769 0.957
1.57345e+08 -29.3804 1.133
1.58676e+08 -29.4863 1.295
1.60019e+08 -29.47 1.476
1.61373e+08 -29.5437 1.652
1.62739e+08 -29.5041 1.805
1.64116e+08 -29.4859 1.979
1.65504e+08 -29.7269 2.136
1.66905e+08 -29.6855 2.297
1.68317e+08 -29.4591 2.492
1.69741e+08 -29.4405 2.656
1.71178e+08 -29.5531 2.809
1.72626e+08 -29.4609 3.016
1.74087e+08 -29.6036 -3.093
1.7556e+08 -29.4447 -2.889
1.77045e+08 -29.4022 -2.713
1.78543e+08 -29.8911 -2.504
1.80054e+08 -29.628 -2.308
1.81578e+08 -29.5591 -2.130
1.83114e+08 -29.6235 -1.913
1.84664e+08 -29.7234 -1.730
1.86226e+08 -29.7131 -1.548
1.87802e+08 -29.7791 -1.357
1.89391e+08 -29.7346 -1.163
1.90994e+08 -29.7049 -0.941
1.9261e+08 -29.7145 -0.727
1.9424e+08 -29.6067 -0.540
1.95883e+08 -29.614 -0.326
1.97541e+08 -29.7007 -0.128
1.99212e+08 -29.6482 0.105
2.00898e+08 -29.7288 0.298
2.02598e+08 -29.819 0.511
2.04312e+08 -29.8182 0.726
2.06041e+08 -29.8889 0.948
2.07784e+08 -29.7485 1.166
2.09543e+08 -29.7346 1.385
2.11316e+08 -29.7287 1.639
2.13104e+08 -29.8251 1.838
2.14907e+08 -29.8409 2.067
2.16725e+08 -29.7342 2.301
2.18559e+08 -29.6962 2.525
2.20409e+08 -29.8962 2.759
2.22274e+08 -29.785 2.987
2.24155e+08 -29.8635 -3.066
2.26051e+08 -29.7742 -2.812
2.27964e+08 -29.7157 -2.572
2.29893e+08 -29.8289 -2.355
2.31838e+08 -29.8061 -2.101
2.338e+08 -29.8915 -1.858
2.35778e+08 -29.8034 -1.606
2.37773e+08 -29.9704 -1.362
2.39785e+08 -29.9431 -1.098
2.41814e+08 -30.0234 -0.857
2.4386e+08 -29.7571 -0.567
2.45924e+08 -29.9149 -0.319
2.48005e+08 -30.115 -0.072
2.50103e+08 -30.0028 0.218
2.5222e+08 -29.8307 0.505
2.54354e+08 -29.989 0.751
2.56506e+08 -29.8467 0.994
2.58677e+08 -29.8846 1.296
2.60865e+08 -29.9741 1.574
2.63073e+08 -29.9669 1.835
2.65299e+08 -29.8404 2.133
2.67544e+08 -29.9767 2.394
2.69808e+08 -29.8927 2.681
2.72091e+08 -29.7726 2.957
2.74393e+08 -29.9404 -2.999
2.76715e+08 -29.7279 -2.719
2.79056e+08 -29.7513 -2.448
2.81418e+08 -29.8066 -2.147
2.83799e+08 -29.8184 -1.857
2.862e+08 -29.6158 -1.561
2.88622e+08 -29.7548 -1.247
2.91064e+08 -29.8627 -0.959
2.93527e+08 -29.9113 -0.641
2.96011e+08 -30.133 -0.314
2.98515e+08 -30.1582 -0.014
3.01041e+08 -29.9023 0.307
3.03589e+08 -30.1401 0.631
3.06158e+08 -29.9476 0.980
3.08748e+08 -30.0146 1.302
3.11361e+08 -29.9514 1.621
3.13995e+08 -29.9797 1.963
3.16652e+08 -29.9883 2.289
3.19332e+08 -29.9259 2.600
3.22034e+08 -30.1399 2.959
3.24759e+08 -30.0511 -2.982
3.27507e+08 -30.104 -2.638
3.30278e+08 -30.1221 -2.291
3.33073e+08 -29.8307 -1.933
3.35891e+08 -30.0991 -1.560
3.38733e+08 -30.0288 -1.164
3.41599e+08 -30.1632 -0.797
3.4449e+08 -29.9051 -0.449
3.47405e+08 -29.8864 -0.082
3.50345e+08 -29.9509 0.281
3.53309e+08 -30.0317 0.660
3.56299e+08 -29.9828 1.038
3.59313e+08 -30.0091 1.395
3.62354e+08 -29.9288 1.781
3.6542e+08 -29.8164 2.154
3.68512e+08 -29.7488 2.539
3.7163e+08 -29.6831 2.907
3.74775e+08 -29.7248 -2.969
3.77946e+08 -29.7394 -2.573
3.81144e+08 -29.6064 -2.175
3.84369e+08 -29.563 -1.780
3.87622e+08 -29.6403 -1.377
3.90902e+08 -29.5049 -0.964
3.94209e+08 -29.6597 -0.538
3.97545e+08 -29.7669 -0.140
4.00909e+08 -29.7421 0.281
4.04301e+08 -29.6939 0.711
4.07722e+08 -29.76 1.146
4.11172e+08 -29.6295 1.558
4.14651e+08 -29.6126 2.006
4.1816e+08 -29.7199 2.418
4.21698e+08 -29.5634 2.838
4.25267e+08 -29.6389 -2.976
4.28865e+08 -29.6527 -2.536
4.32494e+08 -29.5654 -2.057
4.36154e+08 -29.721 -1.618
4.39844e+08 -29.4672 -1.153
4.43566e+08 -29.6212 -0.693
4.47319e+08 -29.6425 -0.235
4.51104e+08 -29.6875 0.211
4.54922e+08 -29.5963 0.700
4.58771e+08 -29.7108 1.148
4.62653e+08 -29.5963 1.645
4.66568e+08 -29.7192 2.182
4.70516e+08 -29.6237 2.640
4.74497e+08 -29.7663 3.112
4.78512e+08 -29.7192 -2.653
4.82561e+08 -30.0755 -2.185
4.86644e+08 -30.3612 -1.666
4.90762e+08 -30.2296 -1.166
4.94915e+08 -30.6182 -0.645
4.99103e+08 -30.5317 -0.140
5.03326e+08 -30.3943 0.377
5.07585e+08 -30.6238 0.926
5.1188e+08 -30.6837 1.445
5.16211e+08 -30.7194 2.007
5.20579e+08 -30.541 2.562
5.24984e+08 -30.7633 3.134
5.29426e+08 -30.7774 -2.568
5.33906e+08 -30.8564 -2.015
5.38424e+08 -30.8043 -1.413
5.4298e+08 -30.864 -0.839
5.47574e+08 -30.8967 -0.273
5.52208e+08 -30.8707 0.332
5.5688e+08 -30.7565 0.916
5.61593e+08 -30.8532 1.494
5.66345e+08 -30.9285 2.087
5.71137e+08 -30.9966 2.676
5.7597e+08 -31.0373 -3.013
5.80843e+08 -31.0547 -2.368
5.85758e+08 -31.3194 -1.762
5.90715e+08 -31.1736 -1.144
5.95713e+08 -31.3158 -0.502
6.00754e+08 -31.0916 0.158
6.05837e+08 -31.3082 0.804
6.10964e+08 -31.3733 1.444
6.16133e+08 -31.3562 2.089
6.21347e+08 -31.3038 2.746
6.26604e+08 -31.4309 -2.867
6.31907e+08 -31.7466 -2.216
6.37254e+08 -31.6621 -1.534
6.42646e+08 -31.6561 -0.867
6.48084e+08 -31.4505 -0.166
6.53567e+08 -31.5501 0.536
6.59098e+08 -31.3526 1.237
6.64675e+08 -31.2284 1.932
6.70299e+08 -31.1475 2.665
6.75971e+08 -31.1811 -2.869
6.81691e+08 -30.9128 -2.167
6.87459e+08 -31.0177 -1.457
6.93276e+08 -30.9359 -0.733
6.99142e+08 -30.8285 -0.002
7.05058e+08 -30.9025 0.699
7.11024e+08 -30.8187 1.424
7.17041e+08 -31.1203 2.112
7.23108e+08 -31.0512 2.873
7.29227e+08 -30.8322 -2.684
7.35397e+08 -31.0761 -1.907
7.4162e+08 -31.0947 -1.131
7.47895e+08 -31.1933 -0.399
7.54224e+08 -31.2551 0.359
7.60606e+08 -31.4548 1.165
7.67042e+08 -31.3548 2.004
7.73532e+08 -31.4843 2.782
7.80077e+08 -31.5626 -2.676
7.86678e+08 -31.7449 -1.846
7.93335e+08 -31.5327 -1.028
8.00048e+08 -31.8526 -0.180
8.06817e+08 -31.7756 0.658
8.13644e+08 -31.9087 1.497
8.20529e+08 -31.9603 2.331
8.27472e+08 -31.8755 -3.069
8.34474e+08 -32.2104 -2.286
8.41535e+08 -32.1711 -1.438
8.48656e+08 -32.2439 -0.573
8.55837e+08 -32.4029 0.342
8.63079e+08 -32.5466 1.308
8.70382e+08 -32.5948 2.247
8.77747e+08 -32.9566 -3.091
8.85174e+08 -32.9543 -2.118
8.92664e+08 -32.9288 -1.150
9.00217e+08 -33.0188 -0.175
9.07835e+08 -32.8577 0.802
9.15516e+08 -33.1526 1.821
9.23263e+08 -32.9295 2.819
9.31076e+08 -33.3452 -2.436
9.38954e+08 -33.1235 -1.431
9.46899e+08 -32.9699 -0.433
9.54912e+08 -32.9578 0.549
9.62992e+08 -32.6885 1.549
9.7114e+08 -32.8745 2.516
9.79358e+08 -33.0838 -2.712
9.87645e+08 -33.1594 -1.666
9.96002e+08 -32.7644 -0.623
1.00443e+09 -32.9145 0.469
1.01293e+09 -32.4125 1.555
1.0215e+09 -32.0434 2.666
1.03014e+09 -32.0103 -2.588
1.03886e+09 -31.6772 -1.522
1.04765e+09 -31.8272 -0.446
1.05652e+09 -31.6796 0.545
1.06546e+09 -31.8334 1.573
1.07447e+09 -32.1972 2.575
1.08356e+09 -32.8188 -2.570
1.09273e+09 -33.3827 -1.447
1.10198e+09 -33.4199 -0.285
1.1113e+09 -33.7418 0.908
1.12071e+09 -33.8161 2.104
1.13019e+09 -33.9187 -2.999
1.13975e+09 -34.167 -1.771
1.1494e+09 -34.263 -0.587
1.15912e+09 -34.6427 0.561
1.16893e+09 -34.4451 1.767
1.17882e+09 -34.6757 3.007
1.1888e+09 -34.9245 -2.007
1.19886e+09 -34.9333 -0.726
1.209e+09 -34.7747 0.579
1.21923e+09 -34.7665 1.969
1.22955e+09 -34.4896 -3.022
1.23995e+09 -34.6137 -1.702
1.25044e+09 -34.4995 -0.434
1.26102e+09 -34.824 0.877
1.27169e+09 -34.8647 2.298
1.28245e+09 -34.9492 -2.636
1.29331e+09 -34.9608 -1.295
1.30425e+09 -35.1642 0.054
1.31529e+09 -35.4552 1.473
1.32642e+09 -35.6427 2.849
1.33764e+09 -35.6794 -1.942
1.34896e+09 -36.4549 -0.485
1.36037e+09 -36.1611 0.999
1.37188e+09 -36.726 2.424
1.38349e+09 -37.0608 -2.334
1.3952e+09 -36.8461 -0.817
1.407e+09 -37.3823 0.661
1.41891e+09 -37.77 2.280
1.43092e+09 -37.6889 -2.551
1.44302e+09 -38.1108 -0.952
1.45523e+09 -38.0637 0.557
1.46755e+09 -38.5791 2.115
1.47997e+09 -38.672 -2.632
1.49249e+09 -38.6549 -1.089
1.50512e+09 -39.1434 0.574
1.51785e+09 -39.1896 2.177
1.5307e+09 -39.565 -2.425
1.54365e+09 -39.5713 -0.696
1.55671e+09 -39.7933 0.990
1.56988e+09 -39.262 2.671
1.58317e+09 -39.1797 -2.015
1.59656e+09 -40.2212 -0.356
1.61007e+09 -39.9972 1.315
1.6237e+09 -41.2128 -3.115
1.63744e+09 -41.4098 -1.407
1.65129e+09 -41.7547 -0.164
1.66526e+09 -42.5059 0.865
1.67935e+09 -42.6584 2.757
1.69357e+09 -42.8472 -1.639
1.7079e+09 -42.7083 0.058
1.72235e+09 -43.7277 1.905
1.73692e+09 -43.6552 -2.562
1.75162e+09 -43.9309 -0.791
1.76644e+09 -43.8629 1.046
1.78139e+09 -44.0935 2.952
1.79646e+09 -44.9989 -1.580
1.81166e+09 -45.2701 0.157
1.82699e+09 -45.5512 2.121
1.84245e+09 -45.6296 -2.234
1.85804e+09 -47.1685 -0.247
1.87376e+09 -47.2668 1.686
1.88962e+09 -46.955 -2.492
1.90561e+09 -46.5287 -0.291
1.92173e+09 -48.1055 1.820
1.93799e+09 -47.799 -2.421
1.95439e+09 -45.7888 -0.163
1.97093e+09 -44.1684 1.806
1.98761e+09 -46.9642 -2.357
2.00442e+09 -48.5572 0.038
2.02139e+09 -48.8345 2.150
2.03849e+09 -49.8666 -1.965
2.05574e+09 -50.4837 0.427
2.07313e+09 -50.3532 2.764
2.09068e+09 -49.0778 1.927
2.10837e+09 -48.6377 1.197
2.12621e+09 -48.054 -2.850
2.1442e+09 -50.743 -0.502
2.16234e+09 -51.595 1.518
2.18064e+09 -51.7757 -2.618
2.19909e+09 -54.3441 -0.381
2.2177e+09 -52.863 2.059
2.23646e+09 -50.8885 -1.896
2.25539e+09 -50.2033 0.191
2.27447e+09 -49.3803 2.682
2.29372e+09 -49.2822 -1.392
2.31313e+09 -51.0262 1.320
2.3327e+09 -51.5871 -2.026
2.35244e+09 -50.3345 0.236
2.37234e+09 -52.4778 2.772
2.39242e+09 -54.1884 -0.883
2.41266e+09 -54.3584 1.631
2.43308e+09 -57.626 -1.766
2.45366e+09 -55.1071 0.756
2.47443e+09 -54.8141 -2.932
2.49536e+09 -52.6653 -0.328
2.51648e+09 -52.5625 1.825
2.53777e+09 -53.9814 -2.142
2.55925e+09 -58.297 0.426
2.5809e+09 -54.4704 -2.887
2.60274e+09 -58.9983 0.229
2.62476e+09 -60.5726 2.599
2.64697e+09 -54.7312 -0.874
2.66937e+09 -59.2314 1.902
2.69196e+09 -54.4147 -1.815
2.71474e+09 -60.1201 1.446
2.73771e+09 -54.9948 0.912
2.76087e+09 -51.3373 1.088
2.78424e+09 -53.5787 -2.671
2.8078e+09 -52.8458 0.059
2.83155e+09 -52.3194 -2.949
2.85551e+09 -52.1561 -0.179
2.87968e+09 -52.4472 -0.357
2.90404e+09 -49.4789 -0.728
2.92862e+09 -50.0374 2.267
2.9534e+09 -51.31 -0.929
2.97839e+09 -57.2644 2.761
3.00359e+09 -55.6487 -0.103
3.02901e+09 -56.7412 -3.118
3.05464e+09 -56.9042 0.994
3.08048e+09 -58.4578 -1.481
3.10655e+09 -54.2212 2.259
3.13284e+09 -52.1788 -1.052
3.15934e+09 -49.4995 2.344
3.18608e+09 -51.7626 -0.781
3.21304e+09 -47.9635 2.360
3.24022e+09 -52.0317 -0.248
3.26764e+09 -51.5932 -2.900
3.29529e+09 -47.9712 0.711
3.32318e+09 -46.4658 -1.934
3.3513e+09 -47.7707 1.897
3.37965e+09 -50.9104 -0.614
3.40825e+09 -51.2633 -3.016
3.43709e+09 -48.6569 0.786
3.46617e+09 -50.1128 -1.376
3.4955e+09 -49.8229 2.072
3.52508e+09 -50.1002 -0.367
3.55491e+09 -50.7806 -2.586
3.58499e+09 -51.115 0.955
3.61532e+09 -51.2474 -1.458
3.64592e+09 -50.6813 2.860
3.67677e+09 -50.8592 1.048
3.70788e+09 -49.3941 -1.264
3.73925e+09 -51.1027 -3.090
3.77089e+09 -49.4042 1.146
3.8028e+09 -48.196 -0.856
3.83498e+09 -47.5369 -2.959
3.86743e+09 -47.7002 0.949
3.90015e+09 -47.5132 -1.270
3.93316e+09 -51.1087 2.959
3.96644e+09 -49.0263 1.085
4e+09 -48.0482 -0.453
# failures 0, mismatches 0
