1.375e+08 7.77295 -0.911
1.38663e+08 7.76444 -0.763
1.39837e+08 7.78642 -0.614
1.4102e+08 7.7808 -0.459
1.42213e+08 7.78439 -0.307
1.43417e+08 7.79883 -0.153
1.4463e+08 7.8005 0.003
1.45854e+08 7.79379 0.159
1.47088e+08 7.80885 0.315
1.48333e+08 7.8104 0.478
1.49588e+08 7.81582 0.638
1.50854e+08 7.822 0.805
1.5213e+08 7.82254 0.969
1.53417e+08 7.81715 1.134
1.54716e+08 7.81415 1.297
1.56025e+08 7.82583 1.468
1.57345e+08 7.81135 1.641
1.58676e+08 7.81429 1.813
1.60019e+08 7.8264 1.985
1.61373e+08 7.81734 2.163
1.62739e+08 7.81362 2.332
1.64116e+08 7.82836 2.515
1.65504e+08 7.82651 2.689
1.66905e+08 7.8244 2.875
1.68317e+08 7.81141 3.056
1.69741e+08 7.81453 -3.044
1.71178e+08 7.81594 -2.859
1.72626e+08 7.80617 -2.677
1.74087e+08 7.81553 -2.488
1.7556e+08 7.81621 -2.301
1.77045e+08 7.81395 -2.111
1.78543e+08 7.76661 -1.917
1.80054e+08 7.76387 -1.721
1.81578e+08 7.75493 -1.528
1.83114e+08 7.74195 -1.329
1.84664e+08 7.75408 -1.133
1.86226e+08 7.75606 -0.931
1.87802e+08 7.74827 -0.731
1.89391e+08 7.71601 -0.534
1.90994e+08 7.75133 -0.324
1.9261e+08 7.74853 -0.115
1.9424e+08 7.7363 0.093
1.95883e+08 7.74109 0.302
1.97541e+08 7.72543 0.517
1.99212e+08 7.72152 0.729
2.00898e+08 7.71154 0.946
2.02598e+08 7.7141 1.161
2.04312e+08 7.70195 1.385
2.06041e+08 7.6953 1.609
2.07784e+08 7.69119 1.834
2.09543e+08 7.68159 2.056
2.11316e+08 7.66568 2.282
2.13104e+08 7.65791 2.512
2.14907e+08 7.65468 2.751
2.16725e+08 7.64804 2.982
2.18559e+08 7.6308 -3.068
2.20409e+08 7.62931 -2.826
2.22274e+08 7.61381 -2.586
2.24155e+08 7.60664 -2.345
2.26051e+08 7.60027 -2.102
2.27964e+08 7.60125 -1.859
2.29893e+08 7.53874 -1.608
2.31838e+08 7.52155 -1.357
2.338e+08 7.5258 -1.111
2.35778e+08 7.515 -0.849
2.37773e+08 7.51019 -0.601
2.39785e+08 7.50906 -0.339
2.41814e+08 7.49745 -0.080
2.4386e+08 7.49625 0.182
2.45924e+08 7.49698 0.454
2.48005e+08 7.4935 0.720
2.50103e+08 7.48371 0.992
2.5222e+08 7.45522 1.271
2.54354e+08 7.46066 1.537
2.56506e+08 7.45896 1.806
2.58677e+08 7.44981 2.089
2.60865e+08 7.43784 2.373
2.63073e+08 7.43526 2.649
2.65299e+08 7.40816 2.945
2.67544e+08 7.40382 -3.049
2.69808e+08 7.40363 -2.759
2.72091e+08 7.39303 -2.467
2.74393e+08 7.38547 -2.166
2.76715e+08 7.3785 -1.861
2.79056e+08 7.3697 -1.564
2.81418e+08 7.35784 -1.254
2.83799e+08 7.35327 -0.957
2.862e+08 7.34483 -0.651
2.88622e+08 7.32523 -0.338
2.91064e+08 7.30925 -0.020
2.93527e+08 7.29617 0.301
2.96011e+08 7.28882 0.614
2.98515e+08 7.27448 0.928
3.01041e+08 7.2651 1.262
3.03589e+08 7.23428 1.585
3.06158e+08 7.22424 1.922
3.08748e+08 7.19661 2.245
3.11361e+08 7.17821 2.595
3.13995e+08 7.17248 2.930
3.16652e+08 7.14638 -3.016
3.19332e+08 7.13012 -2.668
3.22034e+08 7.0976 -2.317
3.24759e+08 7.09435 -1.975
3.27507e+08 7.07433 -1.622
3.30278e+08 7.05122 -1.261
3.33073e+08 7.04016 -0.914
3.35891e+08 7.02292 -0.543
3.38733e+08 7.0048 -0.182
3.41599e+08 6.97469 0.190
3.4449e+08 6.96932 0.565
3.47405e+08 6.96663 0.950
3.50345e+08 6.94889 1.325
3.53309e+08 6.94246 1.716
3.56299e+08 6.88063 2.110
3.59313e+08 6.89093 2.505
3.62354e+08 6.88415 2.893
3.6542e+08 6.89541 -2.991
3.68512e+08 6.89109 -2.604
3.7163e+08 6.88535 -2.206
3.74775e+08 6.90028 -1.790
3.77946e+08 6.88863 -1.375
3.81144e+08 6.91177 -0.962
3.84369e+08 6.87334 -0.545
3.87622e+08 6.87709 -0.116
3.90902e+08 6.86723 0.302
3.94209e+08 6.83912 0.726
3.97545e+08 6.83202 1.147
4.00909e+08 6.7979 1.582
4.04301e+08 6.77718 2.025
4.07722e+08 6.74498 2.464
4.11172e+08 6.70208 2.906
4.14651e+08 6.6585 -2.931
4.1816e+08 6.6104 -2.493
4.21698e+08 6.5541 -2.033
4.25267e+08 6.4892 -1.582
4.28865e+08 6.41751 -1.118
4.32494e+08 6.35442 -0.646
4.36154e+08 6.27469 -0.178
4.39844e+08 6.19785 0.295
4.43566e+08 6.1009 0.779
4.47319e+08 6.02718 1.262
4.51104e+08 5.93883 1.761
4.54922e+08 5.87772 2.259
4.58771e+08 5.73517 2.754
4.62653e+08 5.66338 -3.012
4.66568e+08 5.59813 -2.479
4.70516e+08 5.5369 -1.971
4.74497e+08 5.4752 -1.436
4.78512e+08 5.4591 -0.892
4.82561e+08 5.43959 -0.360
4.86644e+08 5.43546 0.165
4.90762e+08 5.45769 0.720
4.94915e+08 5.44246 1.273
4.99103e+08 5.47482 1.832
5.03326e+08 5.48938 2.390
5.07585e+08 5.54139 2.948
5.1188e+08 5.60087 -2.765
5.16211e+08 5.67869 -2.194
5.20579e+08 5.7536 -1.620
5.24984e+08 5.81676 -1.054
5.29426e+08 5.88238 -0.481
5.33906e+08 5.96257 0.087
5.38424e+08 6.04606 0.672
5.4298e+08 6.1236 1.264
5.47574e+08 6.19154 1.857
5.52208e+08 6.24412 2.471
5.5688e+08 6.3131 3.069
5.61593e+08 6.3716 -2.609
5.66345e+08 6.40341 -1.991
5.71137e+08 6.44109 -1.379
5.7597e+08 6.45961 -0.761
5.80843e+08 6.44362 -0.125
5.85758e+08 6.45857 0.519
5.90715e+08 6.44514 1.161
5.95713e+08 6.42748 1.795
6.00754e+08 6.44706 2.463
6.05837e+08 6.41298 3.104
6.10964e+08 6.39148 -2.517
6.16133e+08 6.40172 -1.846
6.21347e+08 6.3906 -1.170
6.26604e+08 6.37757 -0.490
6.31907e+08 6.38453 0.189
6.37254e+08 6.37568 0.889
6.42646e+08 6.39331 1.589
6.48084e+08 6.42496 2.301
6.53567e+08 6.45294 3.030
6.59098e+08 6.49857 -2.548
6.64675e+08 6.527 -1.839
6.70299e+08 6.57972 -1.135
6.75971e+08 6.63433 -0.397
6.81691e+08 6.6789 0.326
6.87459e+08 6.71366 1.064
6.93276e+08 6.76214 1.817
6.99142e+08 6.82794 2.575
7.05058e+08 6.84994 -2.957
7.11024e+08 6.88479 -2.216
7.17041e+08 6.85315 -1.493
7.23108e+08 6.88106 -0.690
7.29227e+08 6.88242 0.080
7.35397e+08 6.85264 0.878
7.4162e+08 6.8198 1.692
7.47895e+08 6.81011 2.499
7.54224e+08 6.77945 -2.972
7.60606e+08 6.7219 -2.145
7.67042e+08 6.66396 -1.325
7.73532e+08 6.61474 -0.502
7.80077e+08 6.57708 0.349
7.86678e+08 6.55392 1.191
7.93335e+08 6.52491 2.051
8.00048e+08 6.47379 2.924
8.06817e+08 6.44159 -2.474
8.13644e+08 6.4073 -1.590
8.20529e+08 6.35853 -0.691
8.27472e+08 6.32895 0.211
8.34474e+08 6.29544 1.128
8.41535e+08 6.27558 2.035
8.48656e+08 6.23435 2.957
8.55837e+08 6.20174 -2.382
8.63079e+08 6.15458 -1.441
8.70382e+08 6.11538 -0.512
8.77747e+08 6.06538 0.447
8.85174e+08 6.03104 1.417
8.92664e+08 5.99203 2.382
9.00217e+08 5.92368 -2.935
9.07835e+08 5.87444 -1.942
9.15516e+08 5.73604 -0.938
9.23263e+08 5.66782 0.079
9.31076e+08 5.60096 1.102
9.38954e+08 5.53938 2.136
9.46899e+08 5.43392 -3.109
9.54912e+08 5.33554 -2.080
9.62992e+08 5.23314 -1.060
9.7114e+08 5.15222 -0.022
9.79358e+08 5.06927 1.052
9.87645e+08 5.06646 2.164
9.96002e+08 5.10285 -3.084
1.00443e+09 5.18731 -1.973
1.01293e+09 5.2434 -0.894
1.0215e+09 5.2778 0.196
1.03014e+09 5.34435 1.310
1.03886e+09 5.42681 2.468
1.04765e+09 5.52379 -2.648
1.05652e+09 5.6533 -1.535
1.06546e+09 5.81503 -0.354
1.07447e+09 5.91924 0.767
1.08356e+09 6.01628 1.939
1.09273e+09 6.07628 3.097
1.10198e+09 6.04969 -1.991
1.1113e+09 5.99102 -0.826
1.12071e+09 5.87237 0.346
1.13019e+09 5.73706 1.596
1.13975e+09 5.61459 2.870
1.1494e+09 5.52353 -2.125
1.15912e+09 5.41707 -0.834
1.16893e+09 5.39135 0.469
1.17882e+09 5.39506 1.757
1.1888e+09 5.36347 3.024
1.19886e+09 5.42767 -1.961
1.209e+09 5.50223 -0.676
1.21923e+09 5.55461 0.658
1.22955e+09 5.56643 1.963
1.23995e+09 5.54548 -2.975
1.25044e+09 5.56897 -1.651
1.26102e+09 5.53534 -0.321
1.27169e+09 5.50713 1.060
1.28245e+09 5.48869 2.435
1.29331e+09 5.4632 -2.490
1.30425e+09 5.45326 -1.069
1.31529e+09 5.41997 0.357
1.32642e+09 5.42926 1.799
1.33764e+09 5.39489 -3.018
1.34896e+09 5.32847 -1.526
1.36037e+09 5.22736 -0.014
1.37188e+09 5.12243 1.483
1.38349e+09 5.0175 3.050
1.3952e+09 4.9453 -1.641
1.407e+09 4.89229 -0.063
1.41891e+09 4.88674 1.567
1.43092e+09 4.86048 -3.129
1.44302e+09 4.87806 -1.491
1.45523e+09 4.89514 0.127
1.46755e+09 4.90771 1.775
1.47997e+09 4.91223 -2.875
1.49249e+09 4.94025 -1.217
1.50512e+09 4.95263 0.496
1.51785e+09 5.0579 2.212
1.5307e+09 5.17086 -2.378
1.54365e+09 5.28113 -0.636
1.55671e+09 5.39548 1.073
1.56988e+09 5.47072 2.756
1.58317e+09 5.47778 -1.852
1.59656e+09 5.34564 -0.645
1.61007e+09 5.21622 0.982
1.6237e+09 5.00894 2.928
1.63744e+09 4.68664 -1.738
1.65129e+09 4.57213 -1.020
1.66526e+09 4.54671 0.798
1.67935e+09 4.70339 2.827
1.69357e+09 4.99347 -1.628
1.7079e+09 5.23703 0.162
1.72235e+09 5.30861 2.046
1.73692e+09 5.25716 -2.312
1.75162e+09 5.13715 -0.344
1.76644e+09 5.00126 1.567
1.78139e+09 4.87938 -2.817
1.79646e+09 4.8877 -0.926
1.81166e+09 4.96133 1.035
1.82699e+09 5.05163 3.004
1.84245e+09 5.11764 -1.238
1.85804e+09 5.17142 0.783
1.87376e+09 5.12695 2.898
1.88962e+09 5.06585 -1.340
1.90561e+09 5.12088 0.828
1.92173e+09 5.44183 2.896
1.93799e+09 5.85277 -1.270
1.95439e+09 6.23159 0.795
1.97093e+09 6.38055 2.911
1.98761e+09 6.14899 -1.373
2.00442e+09 5.61316 0.766
2.02139e+09 4.90822 2.920
2.03849e+09 4.30632 -1.095
2.05574e+09 4.19646 1.201
2.07313e+09 4.69679 -2.760
2.09068e+09 5.39574 -0.462
2.10837e+09 5.9762 1.733
2.12621e+09 6.17931 -2.293
2.1442e+09 5.97753 0.009
2.16234e+09 5.6308 2.392
2.18064e+09 5.14217 -1.386
2.19909e+09 5.01936 1.050
2.2177e+09 5.76913 -3.062
2.23646e+09 6.34187 -0.621
2.25539e+09 6.51286 1.687
2.27447e+09 6.37297 -2.271
2.29372e+09 6.02993 0.066
2.31313e+09 5.98801 2.566
2.3327e+09 6.464 -1.280
2.35244e+09 6.99962 1.163
2.37234e+09 7.1476 -2.682
2.39242e+09 6.60569 -0.275
2.41266e+09 5.55533 2.244
2.43308e+09 4.43119 -1.243
2.45366e+09 4.16484 1.541
2.47443e+09 5.00423 -1.989
2.49536e+09 5.97721 0.690
2.51648e+09 6.5736 -2.990
2.53777e+09 6.52678 -0.354
2.55925e+09 5.80633 2.423
2.5809e+09 5.0304 -1.043
2.60274e+09 5.17143 1.946
2.62476e+09 5.93929 -1.487
2.64697e+09 6.28279 1.243
2.66937e+09 5.84697 -2.273
2.69196e+09 4.61163 0.569
2.71474e+09 3.493 -2.622
2.73771e+09 3.8034 0.488
2.76087e+09 4.58091 -2.743
2.78424e+09 4.55532 0.192
2.8078e+09 3.67417 -3.051
2.83155e+09 2.40407 0.135
2.85551e+09 2.1449 -2.862
2.87968e+09 3.05491 0.349
2.90404e+09 4.00996 -2.807
2.92862e+09 4.31258 0.263
2.9534e+09 3.42712 -2.871
2.97839e+09 2.17568 0.548
3.00359e+09 2.45154 -2.210
3.02901e+09 3.07067 0.988
3.05464e+09 2.77722 -2.105
3.08048e+09 1.44093 1.234
3.10655e+09 0.193136 -1.479
3.13284e+09 1.06642 2.137
3.15934e+09 2.39957 -0.643
3.18608e+09 2.9074 2.727
3.21304e+09 2.6117 -0.038
3.24022e+09 1.5584 -2.580
3.26764e+09 1.983 1.344
3.29529e+09 2.89167 -1.406
3.32318e+09 2.77814 2.123
3.3513e+09 2.07519 -0.794
3.37965e+09 1.01214 2.909
3.40825e+09 1.46691 0.654
3.43709e+09 2.47166 -1.718
3.46617e+09 2.01869 2.149
3.4955e+09 1.48375 -0.170
3.52508e+09 2.05272 -2.362
3.55491e+09 2.65903 1.550
3.58499e+09 2.35481 -1.119
3.61532e+09 1.23028 2.660
3.64592e+09 -0.666265 0.574
3.67677e+09 -1.41122 -1.402
3.70788e+09 -2.07217 2.772
3.73925e+09 -3.92319 0.627
3.77089e+09 -5.62001 -1.266
3.8028e+09 -5.40513 -3.052
3.83498e+09 -4.69294 1.428
3.86743e+09 -4.317 -0.626
3.90015e+09 -4.40475 -2.445
3.93316e+09 -5.26242 2.009
3.96644e+09 -5.45892 0.322
4e+09 -5.47786 -1.491
# failures 0, mismatches 0
