1.375e+08 7.56654 -0.946
1.38663e+08 7.55999 -0.795
1.39837e+08 7.57562 -0.644
1.4102e+08 7.59609 -0.488
1.42213e+08 7.60876 -0.335
1.43417e+08 7.61752 -0.182
1.4463e+08 7.62955 -0.030
1.45854e+08 7.63445 0.125
1.47088e+08 7.62911 0.284
1.48333e+08 7.65252 0.445
1.49588e+08 7.64799 0.604
1.50854e+08 7.66499 0.771
1.5213e+08 7.66093 0.933
1.53417e+08 7.65741 1.095
1.54716e+08 7.65475 1.261
1.56025e+08 7.65386 1.431
1.57345e+08 7.6499 1.602
1.58676e+08 7.64769 1.775
1.60019e+08 7.65376 1.947
1.61373e+08 7.64453 2.122
1.62739e+08 7.63664 2.296
1.64116e+08 7.63353 2.476
1.65504e+08 7.63186 2.653
1.66905e+08 7.61099 2.839
1.68317e+08 7.62639 3.021
1.69741e+08 7.62551 -3.076
1.71178e+08 7.64179 -2.894
1.72626e+08 7.64972 -2.708
1.74087e+08 7.64139 -2.522
1.7556e+08 7.65795 -2.335
1.77045e+08 7.67178 -2.145
1.78543e+08 7.63585 -1.950
1.80054e+08 7.63343 -1.752
1.81578e+08 7.65812 -1.559
1.83114e+08 7.64927 -1.363
1.84664e+08 7.64948 -1.168
1.86226e+08 7.66495 -0.970
1.87802e+08 7.6656 -0.769
1.89391e+08 7.65379 -0.573
1.90994e+08 7.65153 -0.365
1.9261e+08 7.6433 -0.158
1.9424e+08 7.63768 0.046
1.95883e+08 7.64132 0.258
1.97541e+08 7.63207 0.471
1.99212e+08 7.62954 0.682
2.00898e+08 7.61349 0.900
2.02598e+08 7.59885 1.116
2.04312e+08 7.59582 1.336
2.06041e+08 7.58417 1.560
2.07784e+08 7.57807 1.786
2.09543e+08 7.56734 2.007
2.11316e+08 7.56745 2.236
2.13104e+08 7.55014 2.464
2.14907e+08 7.54766 2.702
2.16725e+08 7.53407 2.932
2.18559e+08 7.53068 -3.118
2.20409e+08 7.52057 -2.876
2.22274e+08 7.49885 -2.639
2.24155e+08 7.49963 -2.398
2.26051e+08 7.48181 -2.151
2.27964e+08 7.49098 -1.912
2.29893e+08 7.42795 -1.663
2.31838e+08 7.39851 -1.417
2.338e+08 7.3828 -1.172
2.35778e+08 7.39749 -0.912
2.37773e+08 7.38673 -0.666
2.39785e+08 7.35613 -0.401
2.41814e+08 7.36024 -0.146
2.4386e+08 7.34256 0.120
2.45924e+08 7.34046 0.391
2.48005e+08 7.33573 0.653
2.50103e+08 7.30738 0.924
2.5222e+08 7.30309 1.196
2.54354e+08 7.28784 1.461
2.56506e+08 7.25812 1.732
2.58677e+08 7.25594 2.019
2.60865e+08 7.25878 2.303
2.63073e+08 7.24213 2.584
2.65299e+08 7.21031 2.880
2.67544e+08 7.19809 -3.114
2.69808e+08 7.19608 -2.818
2.72091e+08 7.18947 -2.523
2.74393e+08 7.19775 -2.220
2.76715e+08 7.20167 -1.916
2.79056e+08 7.21494 -1.619
2.81418e+08 7.20841 -1.311
2.83799e+08 7.19964 -1.015
2.862e+08 7.18791 -0.710
2.88622e+08 7.18775 -0.397
2.91064e+08 7.18409 -0.080
2.93527e+08 7.17396 0.240
2.96011e+08 7.15683 0.555
2.98515e+08 7.12967 0.867
3.01041e+08 7.11789 1.200
3.03589e+08 7.09717 1.520
3.06158e+08 7.07367 1.859
3.08748e+08 7.05855 2.184
3.11361e+08 7.03786 2.533
3.13995e+08 7.02462 2.867
3.16652e+08 7.00331 -3.082
3.19332e+08 6.99173 -2.737
3.22034e+08 6.97846 -2.389
3.24759e+08 6.96077 -2.045
3.27507e+08 6.95061 -1.688
3.30278e+08 6.92545 -1.328
3.33073e+08 6.91658 -0.980
3.35891e+08 6.90221 -0.613
3.38733e+08 6.8905 -0.252
3.41599e+08 6.89235 0.125
3.4449e+08 6.87217 0.495
3.47405e+08 6.83691 0.876
3.50345e+08 6.82509 1.251
3.53309e+08 6.82971 1.644
3.56299e+08 6.77847 2.038
3.59313e+08 6.78209 2.430
3.62354e+08 6.77673 2.814
3.6542e+08 6.78306 -3.075
3.68512e+08 6.77248 -2.683
3.7163e+08 6.78572 -2.279
3.74775e+08 6.76253 -1.862
3.77946e+08 6.77886 -1.447
3.81144e+08 6.77001 -1.034
3.84369e+08 6.76177 -0.618
3.87622e+08 6.76482 -0.197
3.90902e+08 6.73695 0.217
3.94209e+08 6.72673 0.636
3.97545e+08 6.68783 1.051
4.00909e+08 6.66078 1.487
4.04301e+08 6.64586 1.922
4.07722e+08 6.61631 2.356
4.11172e+08 6.57887 2.794
4.14651e+08 6.54588 -3.044
4.1816e+08 6.48159 -2.604
4.21698e+08 6.42249 -2.145
4.25267e+08 6.35648 -1.697
4.28865e+08 6.26238 -1.240
4.32494e+08 6.18927 -0.777
4.36154e+08 6.10838 -0.313
4.39844e+08 6.02296 0.161
4.43566e+08 5.90371 0.646
4.47319e+08 5.80032 1.122
4.51104e+08 5.68677 1.614
4.54922e+08 5.57197 2.111
4.58771e+08 5.36724 2.608
4.62653e+08 5.23883 3.117
4.66568e+08 5.06804 -2.630
4.70516e+08 4.94493 -2.114
4.74497e+08 4.88436 -1.566
4.78512e+08 4.84996 -1.010
4.82561e+08 4.87591 -0.463
4.86644e+08 4.91829 0.068
4.90762e+08 4.98932 0.621
4.94915e+08 5.04439 1.165
4.99103e+08 5.09931 1.721
5.03326e+08 5.14702 2.273
5.07585e+08 5.21518 2.822
5.1188e+08 5.2618 -2.896
5.16211e+08 5.35956 -2.326
5.20579e+08 5.40898 -1.756
5.24984e+08 5.47588 -1.186
5.29426e+08 5.54862 -0.623
5.33906e+08 5.62444 -0.051
5.38424e+08 5.708 0.538
5.4298e+08 5.77449 1.135
5.47574e+08 5.83051 1.724
5.52208e+08 5.88308 2.336
5.5688e+08 5.93641 2.929
5.61593e+08 5.98978 -2.753
5.66345e+08 6.00205 -2.135
5.71137e+08 6.036 -1.523
5.7597e+08 6.0456 -0.907
5.80843e+08 6.05291 -0.272
5.85758e+08 6.06227 0.371
5.90715e+08 6.04186 1.019
5.95713e+08 6.02817 1.656
6.00754e+08 6.0085 2.315
6.05837e+08 5.98977 2.953
6.10964e+08 5.95734 -2.676
6.16133e+08 5.9194 -2.009
6.21347e+08 5.90238 -1.329
6.26604e+08 5.87925 -0.648
6.31907e+08 5.85614 0.039
6.37254e+08 5.84169 0.741
6.42646e+08 5.83096 1.436
6.48084e+08 5.84307 2.145
6.53567e+08 5.86313 2.867
6.59098e+08 5.87845 -2.721
6.64675e+08 5.88322 -2.029
6.70299e+08 5.89917 -1.329
6.75971e+08 5.91763 -0.590
6.81691e+08 5.92667 0.130
6.87459e+08 5.94083 0.870
6.93276e+08 5.94744 1.612
6.99142e+08 5.96139 2.370
7.05058e+08 5.96507 3.120
7.11024e+08 5.95634 -2.417
7.17041e+08 5.88613 -1.688
7.23108e+08 5.88674 -0.873
7.29227e+08 5.85616 -0.111
7.35397e+08 5.80493 0.683
7.4162e+08 5.76865 1.496
7.47895e+08 5.70429 2.302
7.54224e+08 5.63825 3.112
7.60606e+08 5.56275 -2.351
7.67042e+08 5.48567 -1.534
7.73532e+08 5.4067 -0.709
7.80077e+08 5.30772 0.149
7.86678e+08 5.23751 1.004
7.93335e+08 5.16737 1.879
8.00048e+08 5.1048 2.756
8.06817e+08 5.01757 -2.639
8.13644e+08 4.95313 -1.753
8.20529e+08 4.89942 -0.845
8.27472e+08 4.81878 0.066
8.34474e+08 4.77445 0.982
8.41535e+08 4.72264 1.883
8.48656e+08 4.67961 2.805
8.55837e+08 4.64307 -2.531
8.63079e+08 4.56715 -1.591
8.70382e+08 4.49595 -0.660
8.77747e+08 4.44793 0.307
8.85174e+08 4.38571 1.293
8.92664e+08 4.32653 2.256
9.00217e+08 4.27808 -3.060
9.07835e+08 4.21333 -2.076
9.15516e+08 4.0137 -1.079
9.23263e+08 3.93881 -0.065
9.31076e+08 3.83266 0.955
9.38954e+08 3.71919 1.994
9.46899e+08 3.60704 3.020
9.54912e+08 3.49493 -2.254
9.62992e+08 3.33478 -1.218
9.7114e+08 3.20138 -0.152
9.79358e+08 3.09315 0.934
9.87645e+08 3.05312 2.033
9.96002e+08 3.09798 3.067
1.00443e+09 3.15359 -2.114
1.01293e+09 3.20178 -1.051
1.0215e+09 3.22656 0.053
1.03014e+09 3.25241 1.181
1.03886e+09 3.32953 2.356
1.04765e+09 3.4174 -2.754
1.05652e+09 3.55363 -1.619
1.06546e+09 3.72025 -0.426
1.07447e+09 3.83829 0.689
1.08356e+09 3.93132 1.862
1.09273e+09 3.97128 3.008
1.10198e+09 3.96186 -2.077
1.1113e+09 3.89123 -0.900
1.12071e+09 3.78616 0.308
1.13019e+09 3.66708 1.576
1.13975e+09 3.54571 2.867
1.1494e+09 3.44304 -2.134
1.15912e+09 3.3871 -0.865
1.16893e+09 3.36914 0.426
1.17882e+09 3.36083 1.716
1.1888e+09 3.41466 2.982
1.19886e+09 3.42662 -2.010
1.209e+09 3.4919 -0.719
1.21923e+09 3.4982 0.612
1.22955e+09 3.49297 1.906
1.23995e+09 3.46876 -3.052
1.25044e+09 3.45119 -1.732
1.26102e+09 3.39551 -0.385
1.27169e+09 3.33711 1.001
1.28245e+09 3.31918 2.388
1.29331e+09 3.3332 -2.536
1.30425e+09 3.33839 -1.106
1.31529e+09 3.35358 0.326
1.32642e+09 3.36261 1.779
1.33764e+09 3.34117 -3.030
1.34896e+09 3.3043 -1.536
1.36037e+09 3.2506 -0.013
1.37188e+09 3.13454 1.494
1.38349e+09 3.02755 3.068
1.3952e+09 2.96417 -1.625
1.407e+09 2.94939 -0.044
1.41891e+09 2.94578 1.583
1.43092e+09 2.97777 -3.125
1.44302e+09 3.02716 -1.495
1.45523e+09 3.08624 0.115
1.46755e+09 3.13065 1.762
1.47997e+09 3.148 -2.897
1.49249e+09 3.19802 -1.246
1.50512e+09 3.24693 0.450
1.51785e+09 3.35162 2.141
1.5307e+09 3.43547 -2.469
1.54365e+09 3.5333 -0.727
1.55671e+09 3.65408 0.995
1.56988e+09 3.73125 2.648
1.58317e+09 3.75628 -1.980
1.59656e+09 3.68901 -0.401
1.61007e+09 3.54851 1.335
1.6237e+09 3.2817 3.126
1.63744e+09 2.99952 -1.475
1.65129e+09 2.77242 -0.872
1.66526e+09 2.79076 0.836
1.67935e+09 2.9743 2.822
1.69357e+09 3.27132 -1.638
1.7079e+09 3.49676 0.121
1.72235e+09 3.56728 1.981
1.73692e+09 3.56248 -2.422
1.75162e+09 3.49287 -0.504
1.76644e+09 3.36445 1.361
1.78139e+09 3.22926 -3.038
1.79646e+09 3.14194 -1.157
1.81166e+09 3.1001 0.811
1.82699e+09 3.08879 2.783
1.84245e+09 3.20041 -1.435
1.85804e+09 3.23498 0.604
1.87376e+09 3.22324 2.731
1.88962e+09 3.19387 -1.493
1.90561e+09 3.25961 0.669
1.92173e+09 3.58416 2.745
1.93799e+09 3.91324 -1.435
1.95439e+09 4.06898 0.604
1.97093e+09 3.94822 2.671
1.98761e+09 3.61478 -1.680
2.00442e+09 3.06947 0.364
2.02139e+09 2.29021 2.438
2.03849e+09 1.43024 -1.611
2.05574e+09 0.823201 0.703
2.07313e+09 1.00664 3.036
2.09068e+09 1.56844 -0.879
2.10837e+09 1.99184 1.380
2.12621e+09 1.9969 -2.603
2.1442e+09 1.65028 -0.262
2.16234e+09 1.21727 2.145
2.18064e+09 0.655862 -1.600
2.19909e+09 0.457761 0.851
2.2177e+09 1.11718 2.971
2.23646e+09 1.36726 -0.918
2.25539e+09 1.1836 1.337
2.27447e+09 0.730704 -2.718
2.29372e+09 0.0606682 -0.432
2.31313e+09 -0.31903 2.088
2.3327e+09 -0.227338 -1.728
2.35244e+09 -0.0398266 0.771
2.37234e+09 -0.447285 -2.965
2.39242e+09 -1.65192 -0.442
2.41266e+09 -3.16917 2.133
2.43308e+09 -4.54922 -1.326
2.45366e+09 -4.84874 1.462
2.47443e+09 -4.10009 -2.059
2.49536e+09 -3.24309 0.613
2.51648e+09 -2.88761 -3.073
2.53777e+09 -3.17585 -0.437
2.55925e+09 -4.36887 2.364
2.5809e+09 -5.80619 -1.051
2.60274e+09 -6.20514 2.021
2.62476e+09 -5.66811 -1.315
2.64697e+09 -5.93047 1.530
2.66937e+09 -6.96322 -1.810
2.69196e+09 -8.77603 1.173
2.71474e+09 -9.99366 -1.900
2.73771e+09 -9.37251 1.323
2.76087e+09 -7.96498 -1.836
2.78424e+09 -7.39988 1.170
2.8078e+09 -7.69232 -2.016
2.83155e+09 -8.63086 1.244
2.85551e+09 -8.31305 -1.657
2.87968e+09 -6.46475 1.634
2.90404e+09 -4.46019 -1.441
2.92862e+09 -3.43932 1.690
2.9534e+09 -3.98515 -1.390
2.97839e+09 -4.78147 2.037
3.00359e+09 -3.96111 -0.751
3.02901e+09 -2.68262 2.396
3.05464e+09 -1.98893 -0.779
3.08048e+09 -2.67082 2.521
3.10655e+09 -3.68372 -0.183
3.13284e+09 -2.43841 -2.841
3.15934e+09 -0.635344 0.666
3.18608e+09 0.201876 -2.239
3.21304e+09 0.0320825 1.256
3.24022e+09 -0.970503 -1.339
3.26764e+09 -0.68491 2.503
3.29529e+09 -0.0671913 -0.353
3.32318e+09 0.232513 3.101
3.3513e+09 -0.202843 0.218
3.37965e+09 -1.68926 -2.240
3.40825e+09 -1.2722 1.842
3.43709e+09 -0.528897 -0.545
3.46617e+09 -1.11282 -3.009
3.4955e+09 -2.00727 0.893
3.52508e+09 -2.02803 -1.262
3.55491e+09 -1.61596 2.744
3.58499e+09 -1.74638 0.204
3.61532e+09 -2.67957 -2.123
3.64592e+09 -4.16552 2.204
3.67677e+09 -4.0309 0.315
3.70788e+09 -3.73511 -1.794
3.73925e+09 -4.28848 2.293
3.77089e+09 -4.94217 0.347
3.8028e+09 -3.97959 -1.462
3.83498e+09 -2.80478 2.985
3.86743e+09 -2.24074 0.857
3.90015e+09 -2.50607 -1.024
3.93316e+09 -3.44 -2.840
3.96644e+09 -3.57038 1.821
4e+09 -2.99479 0.093
# failures 0, mismatches 0
