1.375e+08 7.76312 -0.912
1.38663e+08 7.76515 -0.763
1.39837e+08 7.77627 -0.611
1.4102e+08 7.78365 -0.456
1.42213e+08 7.78489 -0.304
1.43417e+08 7.78232 -0.149
1.4463e+08 7.78969 0.006
1.45854e+08 7.79139 0.161
1.47088e+08 7.80226 0.317
1.48333e+08 7.80671 0.479
1.49588e+08 7.80893 0.642
1.50854e+08 7.80627 0.808
1.5213e+08 7.81597 0.972
1.53417e+08 7.79707 1.134
1.54716e+08 7.80467 1.299
1.56025e+08 7.8106 1.470
1.57345e+08 7.80658 1.641
1.58676e+08 7.82327 1.815
1.60019e+08 7.80176 1.985
1.61373e+08 7.80628 2.162
1.62739e+08 7.80735 2.333
1.64116e+08 7.80838 2.514
1.65504e+08 7.81358 2.690
1.66905e+08 7.81278 2.876
1.68317e+08 7.81006 3.057
1.69741e+08 7.82185 -3.042
1.71178e+08 7.80711 -2.860
1.72626e+08 7.80265 -2.676
1.74087e+08 7.80357 -2.488
1.7556e+08 7.79385 -2.300
1.77045e+08 7.81436 -2.109
1.78543e+08 7.75039 -1.914
1.80054e+08 7.75603 -1.720
1.81578e+08 7.75551 -1.525
1.83114e+08 7.74931 -1.327
1.84664e+08 7.74825 -1.128
1.86226e+08 7.74486 -0.929
1.87802e+08 7.7398 -0.730
1.89391e+08 7.73369 -0.530
1.90994e+08 7.74186 -0.319
1.9261e+08 7.72915 -0.110
1.9424e+08 7.72119 0.095
1.95883e+08 7.73302 0.306
1.97541e+08 7.72822 0.520
1.99212e+08 7.72821 0.734
2.00898e+08 7.71296 0.948
2.02598e+08 7.70775 1.166
2.04312e+08 7.69684 1.390
2.06041e+08 7.69116 1.611
2.07784e+08 7.69778 1.839
2.09543e+08 7.66962 2.060
2.11316e+08 7.66397 2.287
2.13104e+08 7.66002 2.516
2.14907e+08 7.64423 2.755
2.16725e+08 7.63723 2.985
2.18559e+08 7.62972 -3.063
2.20409e+08 7.61779 -2.821
2.22274e+08 7.6227 -2.583
2.24155e+08 7.61681 -2.341
2.26051e+08 7.60377 -2.096
2.27964e+08 7.59943 -1.855
2.29893e+08 7.52673 -1.604
2.31838e+08 7.52432 -1.353
2.338e+08 7.51702 -1.106
2.35778e+08 7.51758 -0.846
2.37773e+08 7.5035 -0.599
2.39785e+08 7.50774 -0.334
2.41814e+08 7.49589 -0.077
2.4386e+08 7.49108 0.186
2.45924e+08 7.48065 0.456
2.48005e+08 7.4693 0.722
2.50103e+08 7.47038 0.996
2.5222e+08 7.45998 1.273
2.54354e+08 7.45432 1.539
2.56506e+08 7.44614 1.808
2.58677e+08 7.43944 2.092
2.60865e+08 7.42531 2.375
2.63073e+08 7.41295 2.652
2.65299e+08 7.40199 2.945
2.67544e+08 7.41688 -3.049
2.69808e+08 7.39557 -2.755
2.72091e+08 7.3855 -2.467
2.74393e+08 7.37918 -2.165
2.76715e+08 7.37357 -1.861
2.79056e+08 7.36997 -1.562
2.81418e+08 7.35007 -1.255
2.83799e+08 7.34842 -0.954
2.862e+08 7.3375 -0.647
2.88622e+08 7.32442 -0.335
2.91064e+08 7.31296 -0.016
2.93527e+08 7.30308 0.301
2.96011e+08 7.28276 0.616
2.98515e+08 7.26488 0.930
3.01041e+08 7.2523 1.269
3.03589e+08 7.23727 1.590
3.06158e+08 7.21067 1.928
3.08748e+08 7.19438 2.252
3.11361e+08 7.17699 2.601
3.13995e+08 7.16207 2.940
3.16652e+08 7.13714 -3.009
3.19332e+08 7.1169 -2.662
3.22034e+08 7.09344 -2.315
3.24759e+08 7.08445 -1.971
3.27507e+08 7.07167 -1.613
3.30278e+08 7.05274 -1.253
3.33073e+08 7.01645 -0.906
3.35891e+08 7.01256 -0.536
3.38733e+08 6.99502 -0.175
3.41599e+08 6.98346 0.198
3.4449e+08 6.97254 0.574
3.47405e+08 6.96569 0.953
3.50345e+08 6.94695 1.334
3.53309e+08 6.94263 1.727
3.56299e+08 6.88708 2.120
3.59313e+08 6.88794 2.514
3.62354e+08 6.89011 2.902
3.6542e+08 6.90829 -2.984
3.68512e+08 6.88438 -2.595
3.7163e+08 6.89207 -2.194
3.74775e+08 6.88782 -1.780
3.77946e+08 6.88926 -1.365
3.81144e+08 6.89613 -0.951
3.84369e+08 6.88238 -0.535
3.87622e+08 6.87052 -0.106
3.90902e+08 6.85655 0.308
3.94209e+08 6.84784 0.734
3.97545e+08 6.82882 1.156
4.00909e+08 6.78594 1.592
4.04301e+08 6.7529 2.027
4.07722e+08 6.74798 2.470
4.11172e+08 6.71299 2.909
4.14651e+08 6.67279 -2.926
4.1816e+08 6.60816 -2.486
4.21698e+08 6.5435 -2.028
4.25267e+08 6.48026 -1.579
4.28865e+08 6.41986 -1.113
4.32494e+08 6.33925 -0.643
4.36154e+08 6.27421 -0.175
4.39844e+08 6.19623 0.298
4.43566e+08 6.12466 0.785
4.47319e+08 6.02167 1.268
4.51104e+08 5.94328 1.767
4.54922e+08 5.86271 2.266
4.58771e+08 5.7208 2.764
4.62653e+08 5.6686 -3.004
4.66568e+08 5.59684 -2.474
4.70516e+08 5.52632 -1.966
4.74497e+08 5.48569 -1.432
4.78512e+08 5.45243 -0.888
4.82561e+08 5.43694 -0.352
4.86644e+08 5.43339 0.174
4.90762e+08 5.43868 0.729
4.94915e+08 5.45574 1.279
4.99103e+08 5.46344 1.839
5.03326e+08 5.49702 2.395
5.07585e+08 5.52974 2.954
5.1188e+08 5.59008 -2.760
5.16211e+08 5.66912 -2.190
5.20579e+08 5.72718 -1.616
5.24984e+08 5.81418 -1.051
5.29426e+08 5.8733 -0.481
5.33906e+08 5.93989 0.085
5.38424e+08 6.03938 0.674
5.4298e+08 6.12612 1.271
5.47574e+08 6.17981 1.864
5.52208e+08 6.23876 2.480
5.5688e+08 6.30119 3.075
5.61593e+08 6.34247 -2.605
5.66345e+08 6.38742 -1.985
5.71137e+08 6.42604 -1.374
5.7597e+08 6.44717 -0.759
5.80843e+08 6.46482 -0.120
5.85758e+08 6.45903 0.523
5.90715e+08 6.46168 1.168
5.95713e+08 6.46851 1.808
6.00754e+08 6.45289 2.469
6.05837e+08 6.41099 3.115
6.10964e+08 6.4135 -2.502
6.16133e+08 6.40771 -1.837
6.21347e+08 6.38607 -1.163
6.26604e+08 6.38429 -0.482
6.31907e+08 6.36639 0.197
6.37254e+08 6.37695 0.896
6.42646e+08 6.39301 1.597
6.48084e+08 6.41836 2.310
6.53567e+08 6.46534 3.038
6.59098e+08 6.48931 -2.536
6.64675e+08 6.5281 -1.832
6.70299e+08 6.5948 -1.129
6.75971e+08 6.63289 -0.393
6.81691e+08 6.67247 0.335
6.87459e+08 6.72463 1.076
6.93276e+08 6.76726 1.827
6.99142e+08 6.82678 2.586
7.05058e+08 6.85412 -2.945
7.11024e+08 6.88335 -2.203
7.17041e+08 6.85788 -1.479
7.23108e+08 6.88128 -0.675
7.29227e+08 6.88392 0.089
7.35397e+08 6.86739 0.891
7.4162e+08 6.83581 1.706
7.47895e+08 6.81308 2.510
7.54224e+08 6.76695 -2.960
7.60606e+08 6.71923 -2.132
7.67042e+08 6.66902 -1.309
7.73532e+08 6.61652 -0.486
7.80077e+08 6.58947 0.358
7.86678e+08 6.54206 1.201
7.93335e+08 6.53696 2.058
8.00048e+08 6.49672 2.932
8.06817e+08 6.43817 -2.462
8.13644e+08 6.40207 -1.582
8.20529e+08 6.36881 -0.682
8.27472e+08 6.33031 0.218
8.34474e+08 6.29093 1.136
8.41535e+08 6.27391 2.043
8.48656e+08 6.2487 2.961
8.55837e+08 6.21067 -2.379
8.63079e+08 6.15956 -1.438
8.70382e+08 6.11369 -0.511
8.77747e+08 6.07636 0.447
8.85174e+08 6.02447 1.413
8.92664e+08 5.9843 2.383
9.00217e+08 5.91703 -2.930
9.07835e+08 5.87217 -1.932
9.15516e+08 5.7401 -0.924
9.23263e+08 5.68728 0.091
9.31076e+08 5.61309 1.107
9.38954e+08 5.53729 2.148
9.46899e+08 5.43479 -3.098
9.54912e+08 5.3548 -2.073
9.62992e+08 5.25285 -1.055
9.7114e+08 5.15578 -0.008
9.79358e+08 5.08167 1.061
9.87645e+08 5.06568 2.178
9.96002e+08 5.12556 -3.066
1.00443e+09 5.19753 -1.960
1.01293e+09 5.26052 -0.884
1.0215e+09 5.30019 0.207
1.03014e+09 5.34989 1.322
1.03886e+09 5.42369 2.484
1.04765e+09 5.55173 -2.637
1.05652e+09 5.66403 -1.523
1.06546e+09 5.80772 -0.339
1.07447e+09 5.93257 0.780
1.08356e+09 6.00231 1.951
1.09273e+09 6.06356 3.110
1.10198e+09 6.06064 -1.972
1.1113e+09 6.00209 -0.810
1.12071e+09 5.87512 0.371
1.13019e+09 5.7424 1.610
1.13975e+09 5.61315 2.888
1.1494e+09 5.52303 -2.109
1.15912e+09 5.41612 -0.814
1.16893e+09 5.37379 0.483
1.17882e+09 5.38127 1.773
1.1888e+09 5.41021 3.047
1.19886e+09 5.44487 -1.940
1.209e+09 5.48831 -0.654
1.21923e+09 5.54089 0.682
1.22955e+09 5.57357 1.983
1.23995e+09 5.57354 -2.958
1.25044e+09 5.56327 -1.637
1.26102e+09 5.52998 -0.300
1.27169e+09 5.50645 1.087
1.28245e+09 5.45648 2.468
1.29331e+09 5.46392 -2.463
1.30425e+09 5.44078 -1.045
1.31529e+09 5.45106 0.380
1.32642e+09 5.44107 1.816
1.33764e+09 5.39735 -2.996
1.34896e+09 5.32362 -1.501
1.36037e+09 5.24151 0.007
1.37188e+09 5.12526 1.501
1.38349e+09 5.0167 3.068
1.3952e+09 4.94014 -1.625
1.407e+09 4.9076 -0.049
1.41891e+09 4.88316 1.575
1.43092e+09 4.85276 -3.114
1.44302e+09 4.87134 -1.480
1.45523e+09 4.88861 0.138
1.46755e+09 4.89079 1.780
1.47997e+09 4.90633 -2.871
1.49249e+09 4.92217 -1.208
1.50512e+09 4.97932 0.503
1.51785e+09 5.06406 2.223
1.5307e+09 5.1721 -2.372
1.54365e+09 5.28479 -0.627
1.55671e+09 5.40646 1.087
1.56988e+09 5.46366 2.763
1.58317e+09 5.48106 -1.838
1.59656e+09 5.43746 -0.612
1.61007e+09 5.12788 0.995
1.6237e+09 5.0132 2.945
1.63744e+09 4.7462 -1.723
1.65129e+09 4.5822 -1.009
1.66526e+09 4.53814 0.805
1.67935e+09 4.73847 2.848
1.69357e+09 4.99987 -1.610
1.7079e+09 5.22837 0.166
1.72235e+09 5.31835 2.058
1.73692e+09 5.27568 -2.302
1.75162e+09 5.13352 -0.336
1.76644e+09 4.99775 1.578
1.78139e+09 4.89583 -2.808
1.79646e+09 4.88544 -0.918
1.81166e+09 4.96627 1.044
1.82699e+09 5.02558 3.010
1.84245e+09 5.14164 -1.230
1.85804e+09 5.17123 0.791
1.87376e+09 5.13038 2.910
1.88962e+09 5.07388 -1.332
1.90561e+09 5.15416 0.817
1.92173e+09 5.45155 2.890
1.93799e+09 5.8423 -1.275
1.95439e+09 6.21954 0.785
1.97093e+09 6.34658 2.899
1.98761e+09 6.14099 -1.380
2.00442e+09 5.59986 0.771
2.02139e+09 4.90438 2.929
2.03849e+09 4.30695 -1.095
2.05574e+09 4.17983 1.205
2.07313e+09 4.70063 -2.757
2.09068e+09 5.40956 -0.457
2.10837e+09 5.94942 1.740
2.12621e+09 6.20158 -2.291
2.1442e+09 6.055 0.020
2.16234e+09 5.64066 2.392
2.18064e+09 5.12515 -1.370
2.19909e+09 5.01803 1.065
2.2177e+09 5.82009 -3.036
2.23646e+09 6.33862 -0.596
2.25539e+09 6.54246 1.713
2.27447e+09 6.32583 -2.249
2.29372e+09 6.03952 0.086
2.31313e+09 5.998 2.574
2.3327e+09 6.45118 -1.265
2.35244e+09 6.97535 1.178
2.37234e+09 7.15581 -2.668
2.39242e+09 6.63786 -0.265
2.41266e+09 5.54361 2.258
2.43308e+09 4.42728 -1.227
2.45366e+09 4.1718 1.570
2.47443e+09 4.98069 -1.961
2.49536e+09 5.9992 0.719
2.51648e+09 6.59103 -2.960
2.53777e+09 6.52139 -0.323
2.55925e+09 5.79923 2.453
2.5809e+09 5.02734 -1.010
2.60274e+09 5.18455 1.983
2.62476e+09 5.91359 -1.445
2.64697e+09 6.32616 1.282
2.66937e+09 5.81642 -2.229
2.69196e+09 4.61451 0.629
2.71474e+09 3.45145 -2.562
2.73771e+09 3.80191 0.552
2.76087e+09 4.59639 -2.684
2.78424e+09 4.55265 0.249
2.8078e+09 3.65589 -2.997
2.83155e+09 2.36889 0.180
2.85551e+09 2.15278 -2.820
2.87968e+09 3.0252 0.393
2.90404e+09 3.99015 -2.761
2.92862e+09 4.31397 0.314
2.9534e+09 3.43747 -2.828
2.97839e+09 2.15945 0.584
3.00359e+09 2.42856 -2.177
3.02901e+09 3.04354 1.021
3.05464e+09 2.7492 -2.079
3.08048e+09 1.43821 1.252
3.10655e+09 0.228482 -1.466
3.13284e+09 1.05969 2.148
3.15934e+09 2.38369 -0.645
3.18608e+09 2.90637 2.735
3.21304e+09 2.61871 -0.037
3.24022e+09 1.54057 -2.577
3.26764e+09 1.95086 1.353
3.29529e+09 2.8675 -1.404
3.32318e+09 2.76721 2.141
3.3513e+09 2.06844 -0.784
3.37965e+09 1.01321 2.921
3.40825e+09 1.51945 0.658
3.43709e+09 2.48315 -1.708
3.46617e+09 2.06696 2.153
3.4955e+09 1.47981 -0.181
3.52508e+09 2.0058 -2.374
3.55491e+09 2.51976 1.541
3.58499e+09 2.22355 -1.121
3.61532e+09 0.980784 2.693
3.64592e+09 -0.93318 0.620
3.67677e+09 -1.74576 -1.355
3.70788e+09 -2.25245 2.820
3.73925e+09 -4.02911 0.680
3.77089e+09 -5.69375 -1.223
3.8028e+09 -5.39644 -2.993
3.83498e+09 -4.62785 1.509
3.86743e+09 -4.11173 -0.554
3.90015e+09 -4.11187 -2.392
3.93316e+09 -4.99147 2.034
3.96644e+09 -5.25558 0.334
4e+09 -5.30996 -1.487
# failures 0, mismatches 0
