1.375e+08 7.53893 -0.947
1.38663e+08 7.55123 -0.797
1.39837e+08 7.58353 -0.645
1.4102e+08 7.60322 -0.488
1.42213e+08 7.61001 -0.334
1.43417e+08 7.62603 -0.182
1.4463e+08 7.63274 -0.028
1.45854e+08 7.6385 0.125
1.47088e+08 7.63926 0.283
1.48333e+08 7.6427 0.446
1.49588e+08 7.65424 0.608
1.50854e+08 7.65483 0.772
1.5213e+08 7.6584 0.935
1.53417e+08 7.66098 1.096
1.54716e+08 7.65805 1.263
1.56025e+08 7.64746 1.432
1.57345e+08 7.64838 1.604
1.58676e+08 7.64951 1.776
1.60019e+08 7.6435 1.947
1.61373e+08 7.63679 2.125
1.62739e+08 7.63933 2.297
1.64116e+08 7.63235 2.477
1.65504e+08 7.62838 2.655
1.66905e+08 7.6287 2.841
1.68317e+08 7.61934 3.023
1.69741e+08 7.63944 -3.073
1.71178e+08 7.63515 -2.893
1.72626e+08 7.64088 -2.706
1.74087e+08 7.65306 -2.518
1.7556e+08 7.66931 -2.333
1.77045e+08 7.67466 -2.141
1.78543e+08 7.63459 -1.948
1.80054e+08 7.64884 -1.752
1.81578e+08 7.6507 -1.558
1.83114e+08 7.65627 -1.362
1.84664e+08 7.6485 -1.166
1.86226e+08 7.6463 -0.967
1.87802e+08 7.64957 -0.767
1.89391e+08 7.64478 -0.569
1.90994e+08 7.65905 -0.361
1.9261e+08 7.64868 -0.153
1.9424e+08 7.64494 0.051
1.95883e+08 7.64087 0.264
1.97541e+08 7.63363 0.476
1.99212e+08 7.63455 0.689
2.00898e+08 7.62148 0.905
2.02598e+08 7.59831 1.123
2.04312e+08 7.58278 1.342
2.06041e+08 7.58444 1.564
2.07784e+08 7.58592 1.791
2.09543e+08 7.56023 2.011
2.11316e+08 7.56593 2.239
2.13104e+08 7.55474 2.469
2.14907e+08 7.52909 2.706
2.16725e+08 7.52896 2.939
2.18559e+08 7.51263 -3.112
2.20409e+08 7.50633 -2.873
2.22274e+08 7.49855 -2.634
2.24155e+08 7.49643 -2.394
2.26051e+08 7.4828 -2.149
2.27964e+08 7.48292 -1.909
2.29893e+08 7.40863 -1.659
2.31838e+08 7.40618 -1.412
2.338e+08 7.38111 -1.169
2.35778e+08 7.37038 -0.912
2.37773e+08 7.38271 -0.665
2.39785e+08 7.36556 -0.400
2.41814e+08 7.35295 -0.145
2.4386e+08 7.35182 0.120
2.45924e+08 7.33823 0.394
2.48005e+08 7.33139 0.655
2.50103e+08 7.31807 0.925
2.5222e+08 7.29321 1.197
2.54354e+08 7.28174 1.462
2.56506e+08 7.26839 1.734
2.58677e+08 7.26687 2.020
2.60865e+08 7.25028 2.305
2.63073e+08 7.23261 2.583
2.65299e+08 7.21073 2.881
2.67544e+08 7.20985 -3.110
2.69808e+08 7.19954 -2.818
2.72091e+08 7.18018 -2.522
2.74393e+08 7.18926 -2.221
2.76715e+08 7.19248 -1.915
2.79056e+08 7.20339 -1.618
2.81418e+08 7.19837 -1.308
2.83799e+08 7.2123 -1.013
2.862e+08 7.18675 -0.710
2.88622e+08 7.17932 -0.398
2.91064e+08 7.1766 -0.080
2.93527e+08 7.15787 0.239
2.96011e+08 7.14102 0.553
2.98515e+08 7.13194 0.866
3.01041e+08 7.11539 1.201
3.03589e+08 7.09257 1.522
3.06158e+08 7.08093 1.857
3.08748e+08 7.06055 2.184
3.11361e+08 7.03395 2.532
3.13995e+08 7.02598 2.866
3.16652e+08 7.00943 -3.082
3.19332e+08 6.99982 -2.737
3.22034e+08 6.96137 -2.390
3.24759e+08 6.96375 -2.043
3.27507e+08 6.95191 -1.688
3.30278e+08 6.90582 -1.331
3.33073e+08 6.91596 -0.978
3.35891e+08 6.90432 -0.612
3.38733e+08 6.89538 -0.253
3.41599e+08 6.88136 0.124
3.4449e+08 6.84812 0.498
3.47405e+08 6.84787 0.876
3.50345e+08 6.8429 1.251
3.53309e+08 6.8363 1.646
3.56299e+08 6.784 2.038
3.59313e+08 6.76796 2.430
3.62354e+08 6.77663 2.816
3.6542e+08 6.78211 -3.073
3.68512e+08 6.78019 -2.680
3.7163e+08 6.77279 -2.276
3.74775e+08 6.7676 -1.860
3.77946e+08 6.7786 -1.443
3.81144e+08 6.77919 -1.032
3.84369e+08 6.76281 -0.618
3.87622e+08 6.7591 -0.194
3.90902e+08 6.72762 0.219
3.94209e+08 6.71814 0.636
3.97545e+08 6.68909 1.055
4.00909e+08 6.6726 1.488
4.04301e+08 6.64439 1.926
4.07722e+08 6.61759 2.362
4.11172e+08 6.5814 2.800
4.14651e+08 6.54379 -3.038
4.1816e+08 6.47714 -2.600
4.21698e+08 6.40263 -2.141
4.25267e+08 6.3512 -1.690
4.28865e+08 6.29676 -1.235
4.32494e+08 6.1919 -0.771
4.36154e+08 6.10605 -0.310
4.39844e+08 6.01886 0.165
4.43566e+08 5.90845 0.647
4.47319e+08 5.81538 1.122
4.51104e+08 5.69002 1.614
4.54922e+08 5.55559 2.110
4.58771e+08 5.35051 2.607
4.62653e+08 5.21615 3.115
4.66568e+08 5.05155 -2.628
4.70516e+08 4.95492 -2.112
4.74497e+08 4.88022 -1.565
4.78512e+08 4.87494 -1.008
4.82561e+08 4.89971 -0.467
4.86644e+08 4.94226 0.068
4.90762e+08 4.99883 0.620
4.94915e+08 5.05067 1.166
4.99103e+08 5.08255 1.721
5.03326e+08 5.14022 2.270
5.07585e+08 5.20933 2.823
5.1188e+08 5.2605 -2.899
5.16211e+08 5.32848 -2.323
5.20579e+08 5.41054 -1.751
5.24984e+08 5.49494 -1.187
5.29426e+08 5.55435 -0.618
5.33906e+08 5.61202 -0.045
5.38424e+08 5.68766 0.545
5.4298e+08 5.78195 1.137
5.47574e+08 5.82613 1.732
5.52208e+08 5.89738 2.338
5.5688e+08 5.94869 2.933
5.61593e+08 5.97742 -2.753
5.66345e+08 5.99189 -2.130
5.71137e+08 6.04041 -1.518
5.7597e+08 6.04557 -0.902
5.80843e+08 6.05204 -0.268
5.85758e+08 6.04061 0.376
5.90715e+08 6.03836 1.018
5.95713e+08 6.02283 1.657
6.00754e+08 5.99735 2.316
6.05837e+08 5.98076 2.951
6.10964e+08 5.94245 -2.673
6.16133e+08 5.92507 -2.006
6.21347e+08 5.89653 -1.327
6.26604e+08 5.87227 -0.647
6.31907e+08 5.86387 0.039
6.37254e+08 5.83805 0.744
6.42646e+08 5.84426 1.440
6.48084e+08 5.84621 2.150
6.53567e+08 5.84706 2.866
6.59098e+08 5.86493 -2.719
6.64675e+08 5.87368 -2.023
6.70299e+08 5.91543 -1.325
6.75971e+08 5.91561 -0.593
6.81691e+08 5.91607 0.131
6.87459e+08 5.93288 0.868
6.93276e+08 5.94042 1.610
6.99142e+08 5.96066 2.370
7.05058e+08 5.95424 3.118
7.11024e+08 5.95316 -2.417
7.17041e+08 5.89796 -1.685
7.23108e+08 5.89904 -0.886
7.29227e+08 5.85603 -0.121
7.35397e+08 5.80691 0.667
7.4162e+08 5.72597 1.479
7.47895e+08 5.69304 2.287
7.54224e+08 5.6405 3.101
7.60606e+08 5.5758 -2.360
7.67042e+08 5.47635 -1.544
7.73532e+08 5.38906 -0.719
7.80077e+08 5.31878 0.137
7.86678e+08 5.23451 0.992
7.93335e+08 5.15977 1.867
8.00048e+08 5.08342 2.746
8.06817e+08 5.02035 -2.649
8.13644e+08 4.95653 -1.763
8.20529e+08 4.89282 -0.857
8.27472e+08 4.84285 0.053
8.34474e+08 4.76714 0.970
8.41535e+08 4.73377 1.868
8.48656e+08 4.67684 2.792
8.55837e+08 4.64634 -2.546
8.63079e+08 4.56471 -1.605
8.70382e+08 4.51126 -0.674
8.77747e+08 4.45148 0.291
8.85174e+08 4.40156 1.274
8.92664e+08 4.33365 2.243
9.00217e+08 4.27628 -3.079
9.07835e+08 4.19297 -2.087
9.15516e+08 4.02809 -1.095
9.23263e+08 3.91457 -0.078
9.31076e+08 3.82635 0.944
9.38954e+08 3.69702 1.978
9.46899e+08 3.61134 3.011
9.54912e+08 3.50452 -2.264
9.62992e+08 3.34903 -1.228
9.7114e+08 3.1989 -0.166
9.79358e+08 3.08709 0.929
9.87645e+08 3.05457 2.022
9.96002e+08 3.10653 3.059
1.00443e+09 3.15029 -2.126
1.01293e+09 3.20744 -1.059
1.0215e+09 3.21212 0.042
1.03014e+09 3.25006 1.170
1.03886e+09 3.32949 2.345
1.04765e+09 3.43327 -2.770
1.05652e+09 3.5639 -1.625
1.06546e+09 3.70946 -0.437
1.07447e+09 3.85087 0.678
1.08356e+09 3.93118 1.848
1.09273e+09 3.98277 3.003
1.10198e+09 3.96953 -2.090
1.1113e+09 3.90485 -0.907
1.12071e+09 3.77006 0.301
1.13019e+09 3.66565 1.567
1.13975e+09 3.56203 2.854
1.1494e+09 3.45444 -2.144
1.15912e+09 3.38714 -0.876
1.16893e+09 3.33172 0.418
1.17882e+09 3.35711 1.703
1.1888e+09 3.38518 2.971
1.19886e+09 3.43745 -2.019
1.209e+09 3.49125 -0.730
1.21923e+09 3.50107 0.600
1.22955e+09 3.48282 1.896
1.23995e+09 3.45092 -3.064
1.25044e+09 3.43503 -1.743
1.26102e+09 3.40482 -0.402
1.27169e+09 3.33127 0.990
1.28245e+09 3.31034 2.378
1.29331e+09 3.31579 -2.544
1.30425e+09 3.33993 -1.119
1.31529e+09 3.36855 0.316
1.32642e+09 3.36246 1.765
1.33764e+09 3.33912 -3.041
1.34896e+09 3.3116 -1.540
1.36037e+09 3.23375 -0.023
1.37188e+09 3.11711 1.484
1.38349e+09 3.03121 3.060
1.3952e+09 2.95656 -1.622
1.407e+09 2.93697 -0.048
1.41891e+09 2.94947 1.580
1.43092e+09 2.98263 -3.130
1.44302e+09 3.02108 -1.498
1.45523e+09 3.06703 0.111
1.46755e+09 3.11983 1.757
1.47997e+09 3.15761 -2.902
1.49249e+09 3.19888 -1.261
1.50512e+09 3.24565 0.441
1.51785e+09 3.34219 2.131
1.5307e+09 3.45202 -2.475
1.54365e+09 3.5596 -0.736
1.55671e+09 3.67992 0.981
1.56988e+09 3.73301 2.635
1.58317e+09 3.7803 -1.991
1.59656e+09 3.74156 -0.419
1.61007e+09 3.55232 1.315
1.6237e+09 3.29698 3.104
1.63744e+09 3.00435 -1.493
1.65129e+09 2.8045 -0.878
1.66526e+09 2.78722 0.825
1.67935e+09 2.95176 2.805
1.69357e+09 3.22427 -1.648
1.7079e+09 3.45867 0.111
1.72235e+09 3.57633 1.979
1.73692e+09 3.53319 -2.420
1.75162e+09 3.49323 -0.506
1.76644e+09 3.37547 1.366
1.78139e+09 3.22361 -3.041
1.79646e+09 3.1363 -1.159
1.81166e+09 3.09301 0.816
1.82699e+09 3.10044 2.786
1.84245e+09 3.18954 -1.430
1.85804e+09 3.24635 0.608
1.87376e+09 3.19925 2.737
1.88962e+09 3.18068 -1.491
1.90561e+09 3.29146 0.673
1.92173e+09 3.58229 2.749
1.93799e+09 3.94304 -1.438
1.95439e+09 4.06643 0.607
1.97093e+09 3.95167 2.675
1.98761e+09 3.59457 -1.678
2.00442e+09 3.07448 0.372
2.02139e+09 2.3179 2.437
2.03849e+09 1.42428 -1.614
2.05574e+09 0.840494 0.689
2.07313e+09 1.00835 3.040
2.09068e+09 1.54815 -0.889
2.10837e+09 1.93512 1.371
2.12621e+09 2.00271 -2.605
2.1442e+09 1.72448 -0.266
2.16234e+09 1.20442 2.143
2.18064e+09 0.660708 -1.607
2.19909e+09 0.473847 0.854
2.2177e+09 1.1198 2.968
2.23646e+09 1.36134 -0.928
2.25539e+09 1.23953 1.331
2.27447e+09 0.723037 -2.718
2.29372e+09 0.070832 -0.428
2.31313e+09 -0.327624 2.074
2.3327e+09 -0.227943 -1.743
2.35244e+09 -0.0427917 0.762
2.37234e+09 -0.435948 -2.980
2.39242e+09 -1.65776 -0.455
2.41266e+09 -3.17075 2.125
2.43308e+09 -4.57462 -1.331
2.45366e+09 -4.88418 1.483
2.47443e+09 -4.11422 -2.049
2.49536e+09 -3.24358 0.635
2.51648e+09 -2.91551 -3.048
2.53777e+09 -3.18319 -0.407
2.55925e+09 -4.35409 2.379
2.5809e+09 -5.78861 -1.034
2.60274e+09 -6.18017 2.026
2.62476e+09 -5.7267 -1.298
2.64697e+09 -5.75757 1.561
2.66937e+09 -7.01794 -1.793
2.69196e+09 -8.74283 1.203
2.71474e+09 -9.9447 -1.862
2.73771e+09 -9.36861 1.354
2.76087e+09 -7.98936 -1.805
2.78424e+09 -7.41998 1.191
2.8078e+09 -7.72356 -1.995
2.83155e+09 -8.58412 1.261
2.85551e+09 -8.27913 -1.655
2.87968e+09 -6.51724 1.656
2.90404e+09 -4.45297 -1.417
2.92862e+09 -3.4663 1.716
2.9534e+09 -4.03081 -1.364
2.97839e+09 -4.78467 2.061
3.00359e+09 -3.94209 -0.722
3.02901e+09 -2.68529 2.419
3.05464e+09 -1.96756 -0.759
3.08048e+09 -2.65904 2.539
3.10655e+09 -3.66092 -0.172
3.13284e+09 -2.40543 -2.832
3.15934e+09 -0.570319 0.669
3.18608e+09 0.160798 -2.249
3.21304e+09 -0.0296858 1.254
3.24022e+09 -0.98283 -1.337
3.26764e+09 -0.690057 2.502
3.29529e+09 -0.0725356 -0.364
3.32318e+09 0.192456 3.086
3.3513e+09 -0.209588 0.207
3.37965e+09 -1.69525 -2.259
3.40825e+09 -1.33786 1.826
3.43709e+09 -0.555528 -0.555
3.46617e+09 -1.19928 -3.027
3.4955e+09 -2.08343 0.879
3.52508e+09 -2.07997 -1.282
3.55491e+09 -1.73087 2.741
3.58499e+09 -1.78404 0.221
3.61532e+09 -2.75894 -2.105
3.64592e+09 -4.3057 2.242
3.67677e+09 -4.13074 0.346
3.70788e+09 -3.7085 -1.757
3.73925e+09 -4.19712 2.322
3.77089e+09 -4.8089 0.378
3.8028e+09 -3.89361 -1.424
3.83498e+09 -2.667 3.019
3.86743e+09 -2.13563 0.892
3.90015e+09 -2.42938 -0.985
3.93316e+09 -3.41191 -2.815
3.96644e+09 -3.4795 1.863
4e+09 -2.91745 0.151
# failures 0, mismatches 0
