1.375e+08 -10.4624 1.266
1.38663e+08 -10.4579 1.406
1.39837e+08 -10.4672 1.546
1.4102e+08 -10.4892 1.691
1.42213e+08 -10.4699 1.837
1.43417e+08 -10.4679 1.983
1.4463e+08 -10.4862 2.130
1.45854e+08 -10.4812 2.274
1.47088e+08 -10.4557 2.422
1.48333e+08 -10.484 2.575
1.49588e+08 -10.4866 2.726
1.50854e+08 -10.492 2.881
1.5213e+08 -10.485 3.037
1.53417e+08 -10.5001 -3.093
1.54716e+08 -10.4704 -2.938
1.56025e+08 -10.4762 -2.776
1.57345e+08 -10.4965 -2.614
1.58676e+08 -10.4775 -2.450
1.60019e+08 -10.4812 -2.286
1.61373e+08 -10.45 -2.119
1.62739e+08 -10.4548 -1.957
1.64116e+08 -10.4539 -1.788
1.65504e+08 -10.4449 -1.625
1.66905e+08 -10.4314 -1.450
1.68317e+08 -10.4561 -1.280
1.69741e+08 -10.4511 -1.108
1.71178e+08 -10.4841 -0.942
1.72626e+08 -10.4797 -0.765
1.74087e+08 -10.4866 -0.589
1.7556e+08 -10.5181 -0.418
1.77045e+08 -10.5247 -0.241
1.78543e+08 -10.6317 -0.056
1.80054e+08 -10.6504 0.132
1.81578e+08 -10.6601 0.316
1.83114e+08 -10.702 0.507
1.84664e+08 -10.6933 0.691
1.86226e+08 -10.7257 0.881
1.87802e+08 -10.7034 1.074
1.89391e+08 -10.7241 1.261
1.90994e+08 -10.7501 1.461
1.9261e+08 -10.7569 1.655
1.9424e+08 -10.7593 1.852
1.95883e+08 -10.7873 2.054
1.97541e+08 -10.7709 2.259
1.99212e+08 -10.781 2.456
2.00898e+08 -10.7933 2.664
2.02598e+08 -10.7975 2.870
2.04312e+08 -10.8115 3.079
2.06041e+08 -10.8301 -2.993
2.07784e+08 -10.8269 -2.778
2.09543e+08 -10.8383 -2.570
2.11316e+08 -10.8339 -2.355
2.13104e+08 -10.853 -2.139
2.14907e+08 -10.8703 -1.915
2.16725e+08 -10.8594 -1.695
2.18559e+08 -10.871 -1.478
2.20409e+08 -10.8825 -1.246
2.22274e+08 -10.914 -1.021
2.24155e+08 -10.8835 -0.794
2.26051e+08 -10.9109 -0.562
2.27964e+08 -10.9255 -0.336
2.29893e+08 -11.0173 -0.100
2.31838e+08 -10.9984 0.133
2.338e+08 -11.0216 0.369
2.35778e+08 -11.0188 0.613
2.37773e+08 -11.0457 0.846
2.39785e+08 -11.0085 1.097
2.41814e+08 -11.0497 1.339
2.4386e+08 -11.0624 1.590
2.45924e+08 -11.0492 1.843
2.48005e+08 -11.0611 2.093
2.50103e+08 -11.1137 2.347
2.5222e+08 -11.0949 2.607
2.54354e+08 -11.102 2.853
2.56506e+08 -11.1187 3.109
2.58677e+08 -11.1222 -2.896
2.60865e+08 -11.0426 -2.622
2.63073e+08 -11.038 -2.367
2.65299e+08 -11.0441 -2.090
2.67544e+08 -11.0707 -1.819
2.69808e+08 -11.1036 -1.544
2.72091e+08 -11.1513 -1.266
2.74393e+08 -11.1765 -0.978
2.76715e+08 -11.1923 -0.690
2.79056e+08 -11.2475 -0.406
2.81418e+08 -11.2367 -0.113
2.83799e+08 -11.2481 0.170
2.862e+08 -11.2725 0.459
2.88622e+08 -11.2556 0.755
2.91064e+08 -11.2794 1.059
2.93527e+08 -11.3008 1.364
2.96011e+08 -11.3138 1.662
2.98515e+08 -11.3152 1.963
3.01041e+08 -11.3093 2.277
3.03589e+08 -11.3334 2.579
3.06158e+08 -11.3304 2.899
3.08748e+08 -11.3296 -3.078
3.11361e+08 -11.3682 -2.745
3.13995e+08 -11.3682 -2.431
3.16652e+08 -11.4381 -2.115
3.19332e+08 -11.4379 -1.784
3.22034e+08 -11.4971 -1.450
3.24759e+08 -11.5097 -1.129
3.27507e+08 -11.5253 -0.787
3.30278e+08 -11.5287 -0.448
3.33073e+08 -11.5452 -0.118
3.35891e+08 -11.5317 0.227
3.38733e+08 -11.5596 0.568
3.41599e+08 -11.5511 0.924
3.4449e+08 -11.5504 1.277
3.47405e+08 -11.5385 1.637
3.50345e+08 -11.5504 1.984
3.53309e+08 -11.6105 2.358
3.56299e+08 -11.6533 2.734
3.59313e+08 -11.6486 3.105
3.62354e+08 -11.629 -2.814
3.6542e+08 -11.6165 -2.435
3.68512e+08 -11.6256 -2.065
3.7163e+08 -11.6034 -1.683
3.74775e+08 -11.6243 -1.287
3.77946e+08 -11.5885 -0.889
3.81144e+08 -11.599 -0.497
3.84369e+08 -11.6162 -0.107
3.87622e+08 -11.5879 0.295
3.90902e+08 -11.5957 0.686
3.94209e+08 -11.6115 1.080
3.97545e+08 -11.5899 1.469
4.00909e+08 -11.6289 1.883
4.04301e+08 -11.6839 2.293
4.07722e+08 -11.7431 2.703
4.11172e+08 -11.8384 3.118
4.14651e+08 -11.8851 -2.741
4.1816e+08 -11.9191 -2.324
4.21698e+08 -11.9448 -1.889
4.25267e+08 -12.0348 -1.465
4.28865e+08 -12.0915 -1.031
4.32494e+08 -12.1531 -0.592
4.36154e+08 -12.2785 -0.153
4.39844e+08 -12.3288 0.293
4.43566e+08 -12.399 0.749
4.47319e+08 -12.4923 1.202
4.51104e+08 -12.5106 1.663
4.54922e+08 -12.5359 2.132
4.58771e+08 -12.6766 2.594
4.62653e+08 -12.6942 3.066
4.66568e+08 -12.7444 -2.729
4.70516e+08 -12.8482 -2.263
4.74497e+08 -13.0107 -1.766
4.78512e+08 -13.1505 -1.253
4.82561e+08 -13.3293 -0.750
4.86644e+08 -13.4498 -0.258
4.90762e+08 -13.5687 0.272
4.94915e+08 -13.6643 0.787
4.99103e+08 -13.6166 1.315
5.03326e+08 -13.6404 1.835
5.07585e+08 -13.6257 2.353
5.1188e+08 -13.6351 2.890
5.16211e+08 -13.6287 -2.848
5.20579e+08 -13.6466 -2.304
5.24984e+08 -13.6032 -1.767
5.29426e+08 -13.5491 -1.230
5.33906e+08 -13.5087 -0.690
5.38424e+08 -13.4681 -0.127
5.4298e+08 -13.4073 0.437
5.47574e+08 -13.3786 0.999
5.52208e+08 -13.3211 1.582
5.5688e+08 -13.3083 2.135
5.61593e+08 -13.2443 2.701
5.66345e+08 -13.2043 -2.992
5.71137e+08 -13.223 -2.420
5.7597e+08 -13.1913 -1.837
5.80843e+08 -13.2017 -1.238
5.85758e+08 -13.2403 -0.629
5.90715e+08 -13.2165 -0.020
5.95713e+08 -13.2672 0.592
6.00754e+08 -13.2642 1.216
6.05837e+08 -13.2863 1.817
6.10964e+08 -13.2904 2.436
6.16133e+08 -13.3318 3.062
6.21347e+08 -13.3905 -2.576
6.26604e+08 -13.3722 -1.929
6.31907e+08 -13.2627 -1.289
6.37254e+08 -13.2125 -0.636
6.42646e+08 -13.2434 0.010
6.48084e+08 -13.3078 0.666
6.53567e+08 -13.2729 1.350
6.59098e+08 -13.2057 1.997
6.64675e+08 -13.1977 2.650
6.70299e+08 -13.1452 -2.973
6.75971e+08 -13.1325 -2.279
6.81691e+08 -13.0638 -1.604
6.87459e+08 -12.9859 -0.924
6.93276e+08 -12.9186 -0.246
6.99142e+08 -12.8777 0.448
7.05058e+08 -12.8278 1.138
7.11024e+08 -12.7908 1.831
7.17041e+08 -12.8498 2.510
7.23108e+08 -12.8609 -3.031
7.29227e+08 -12.8643 -2.331
7.35397e+08 -12.9176 -1.610
7.4162e+08 -12.9249 -0.868
7.47895e+08 -13.0156 -0.134
7.54224e+08 -13.1608 0.611
7.60606e+08 -13.3072 1.367
7.67042e+08 -13.4656 2.123
7.73532e+08 -13.6291 2.881
7.80077e+08 -13.8193 -2.620
7.86678e+08 -14.0436 -1.834
7.93335e+08 -14.2109 -1.024
8.00048e+08 -14.4487 -0.186
8.06817e+08 -14.6816 0.653
8.13644e+08 -14.8732 1.490
8.20529e+08 -15.0558 2.346
8.27472e+08 -15.2468 -3.082
8.34474e+08 -15.3507 -2.211
8.41535e+08 -15.4768 -1.357
8.48656e+08 -15.5955 -0.468
8.55837e+08 -15.6584 0.443
8.63079e+08 -15.6801 1.342
8.70382e+08 -15.725 2.209
8.77747e+08 -15.8946 3.102
8.85174e+08 -16.137 -2.243
8.92664e+08 -16.3389 -1.315
9.00217e+08 -16.4688 -0.383
9.07835e+08 -16.6225 0.566
9.15516e+08 -16.8145 1.516
9.23263e+08 -16.9703 2.488
9.31076e+08 -17.0938 -2.828
9.38954e+08 -17.2749 -1.837
9.46899e+08 -17.4531 -0.836
9.54912e+08 -17.4623 0.163
9.62992e+08 -17.386 1.143
9.7114e+08 -17.2894 2.142
9.79358e+08 -17.3966 -3.137
9.87645e+08 -17.4646 -2.096
9.96002e+08 -17.357 -1.130
1.00443e+09 -17.2312 -0.122
1.01293e+09 -17.2217 0.856
1.0215e+09 -17.4414 1.870
1.03014e+09 -17.5722 2.941
1.03886e+09 -17.64 -2.233
1.04765e+09 -17.6183 -1.126
1.05652e+09 -17.5313 -0.063
1.06546e+09 -17.3335 1.061
1.07447e+09 -17.1879 2.110
1.08356e+09 -17.0054 -3.081
1.09273e+09 -16.9338 -2.027
1.10198e+09 -16.9884 -0.916
1.1113e+09 -17.1401 0.181
1.12071e+09 -17.5798 1.319
1.13019e+09 -17.8124 2.559
1.13975e+09 -17.7627 -2.498
1.1494e+09 -17.7943 -1.307
1.15912e+09 -17.9948 -0.140
1.16893e+09 -18.393 1.062
1.17882e+09 -18.6897 2.279
1.1888e+09 -18.9044 -2.797
1.19886e+09 -19.0002 -1.558
1.209e+09 -19.1558 -0.334
1.21923e+09 -19.212 0.944
1.22955e+09 -19.2062 2.162
1.23995e+09 -19.3641 -2.875
1.25044e+09 -19.4158 -1.631
1.26102e+09 -19.507 -0.351
1.27169e+09 -19.7038 0.957
1.28245e+09 -19.8202 2.261
1.29331e+09 -19.9555 -2.747
1.30425e+09 -20.0231 -1.413
1.31529e+09 -20.1455 -0.050
1.32642e+09 -20.1923 1.306
1.33764e+09 -20.4309 2.681
1.34896e+09 -20.8146 -2.191
1.36037e+09 -21.2048 -0.742
1.37188e+09 -21.4893 0.676
1.38349e+09 -21.8007 2.183
1.3952e+09 -22.0558 -2.581
1.407e+09 -22.4061 -1.082
1.41891e+09 -22.5022 0.464
1.43092e+09 -22.7062 1.947
1.44302e+09 -22.8457 -2.780
1.45523e+09 -23.0437 -1.259
1.46755e+09 -23.3505 0.305
1.47997e+09 -23.5974 1.858
1.49249e+09 -23.6447 -2.844
1.50512e+09 -23.6783 -1.232
1.51785e+09 -23.8328 0.367
1.5307e+09 -23.9426 1.951
1.54365e+09 -24.2907 -2.675
1.55671e+09 -24.386 -1.050
1.56988e+09 -24.5569 0.511
1.58317e+09 -24.6346 2.040
1.59656e+09 -25.0684 -2.765
1.61007e+09 -25.4139 -1.110
1.6237e+09 -26.025 0.585
1.63744e+09 -26.5459 2.192
1.65129e+09 -26.9566 2.704
1.66526e+09 -27.3718 -1.963
1.67935e+09 -27.5591 -0.077
1.69357e+09 -27.7194 1.622
1.7079e+09 -28.1482 -3.019
1.72235e+09 -28.496 -1.246
1.73692e+09 -28.7696 0.541
1.75162e+09 -29.3423 2.381
1.76644e+09 -29.7341 -2.093
1.78139e+09 -29.9053 -0.260
1.79646e+09 -30.2667 1.565
1.81166e+09 -30.4064 -2.808
1.82699e+09 -30.5369 -0.864
1.84245e+09 -30.5786 1.122
1.85804e+09 -30.6204 3.113
1.87376e+09 -30.5897 -1.112
1.88962e+09 -31.0457 0.898
1.90561e+09 -31.0367 2.961
1.92173e+09 -31.0338 -1.306
1.93799e+09 -31.3915 0.726
1.95439e+09 -31.7117 2.672
1.97093e+09 -32.1747 -1.590
1.98761e+09 -32.6122 0.305
2.00442e+09 -32.9628 2.301
2.02139e+09 -33.1802 -1.898
2.03849e+09 -32.9672 0.261
2.05574e+09 -32.9232 2.419
2.07313e+09 -32.8958 -1.648
2.09068e+09 -33.0149 0.591
2.10837e+09 -33.0148 2.735
2.12621e+09 -33.5051 -1.299
2.1442e+09 -34.0479 0.959
2.16234e+09 -34.2289 -2.955
2.18064e+09 -35.3222 -0.466
2.19909e+09 -35.4278 1.949
2.2177e+09 -34.9963 -2.352
2.23646e+09 -35.241 -0.019
2.25539e+09 -36.0766 2.172
2.27447e+09 -37.1089 -1.845
2.29372e+09 -37.2798 0.484
2.31313e+09 -36.8122 2.937
2.3327e+09 -36.106 -1.021
2.35244e+09 -36.0388 1.351
2.37234e+09 -36.4028 -2.562
2.39242e+09 -37.64 -0.189
2.41266e+09 -39.4357 2.383
2.43308e+09 -40.8407 -1.255
2.45366e+09 -42.4795 1.442
2.47443e+09 -42.3127 -2.019
2.49536e+09 -41.672 0.493
2.51648e+09 -40.4399 2.969
2.53777e+09 -40.4428 -0.672
2.55925e+09 -41.2293 1.939
2.5809e+09 -42.3185 -1.541
2.60274e+09 -41.4665 1.273
2.62476e+09 -39.9951 -2.248
2.64697e+09 -39.254 0.269
2.66937e+09 -39.5671 2.903
2.69196e+09 -40.3202 -0.823
2.71474e+09 -40.9429 2.090
2.73771e+09 -40.2344 -1.429
2.76087e+09 -38.79 1.352
2.78424e+09 -38.1063 -2.271
2.8078e+09 -38.6156 0.552
2.83155e+09 -39.5989 -2.748
2.85551e+09 -39.8018 0.308
2.87968e+09 -38.2646 -2.894
2.90404e+09 -37.2809 -0.028
2.92862e+09 -37.0619 2.938
2.9534e+09 -38.6905 -0.273
2.97839e+09 -41.6417 2.973
3.00359e+09 -40.669 0.262
3.02901e+09 -40.6555 -3.106
3.05464e+09 -41.7953 0.181
3.08048e+09 -41.9178 -2.666
3.10655e+09 -42.6543 0.868
3.13284e+09 -39.9792 -1.798
3.15934e+09 -36.9388 1.560
3.18608e+09 -35.2188 -1.504
3.21304e+09 -35.4543 1.836
3.24022e+09 -35.5741 -0.919
3.26764e+09 -35.1957 2.791
3.29529e+09 -34.2238 -0.248
3.32318e+09 -33.8483 2.983
3.3513e+09 -34.5547 -0.072
3.37965e+09 -36.0277 -2.647
3.40825e+09 -35.9128 1.230
3.43709e+09 -34.8887 -1.330
3.46617e+09 -36.3048 2.293
3.4955e+09 -37.3086 -0.260
3.52508e+09 -37.7041 -2.532
3.55491e+09 -37.0756 1.254
3.58499e+09 -37.5764 -1.454
3.61532e+09 -39.0369 2.326
3.64592e+09 -41.3263 0.297
3.67677e+09 -41.1978 -1.731
3.70788e+09 -41.0704 2.174
3.73925e+09 -41.3336 0.013
3.77089e+09 -40.9191 -2.069
3.8028e+09 -40.059 2.229
3.83498e+09 -37.7297 0.180
3.86743e+09 -37.222 -2.220
3.90015e+09 -37.7191 1.968
3.93316e+09 -39.0999 0.017
3.96644e+09 -39.5736 -1.829
4e+09 -38.6809 2.487
# failures 0, mismatches 0
