1.375e+08 -10.434 1.266
1.38663e+08 -10.4502 1.406
1.39837e+08 -10.4369 1.551
1.4102e+08 -10.4837 1.695
1.42213e+08 -10.4775 1.843
1.43417e+08 -10.5117 1.985
1.4463e+08 -10.5001 2.130
1.45854e+08 -10.4968 2.275
1.47088e+08 -10.503 2.425
1.48333e+08 -10.4819 2.578
1.49588e+08 -10.4828 2.728
1.50854e+08 -10.493 2.882
1.5213e+08 -10.4682 3.037
1.53417e+08 -10.5019 -3.093
1.54716e+08 -10.483 -2.936
1.56025e+08 -10.4895 -2.778
1.57345e+08 -10.4976 -2.614
1.58676e+08 -10.4832 -2.448
1.60019e+08 -10.488 -2.287
1.61373e+08 -10.4704 -2.119
1.62739e+08 -10.4632 -1.954
1.64116e+08 -10.4472 -1.787
1.65504e+08 -10.4583 -1.624
1.66905e+08 -10.4664 -1.449
1.68317e+08 -10.4455 -1.280
1.69741e+08 -10.4603 -1.104
1.71178e+08 -10.478 -0.938
1.72626e+08 -10.4994 -0.763
1.74087e+08 -10.5075 -0.588
1.7556e+08 -10.5233 -0.413
1.77045e+08 -10.543 -0.234
1.78543e+08 -10.6384 -0.052
1.80054e+08 -10.6693 0.134
1.81578e+08 -10.6773 0.315
1.83114e+08 -10.6762 0.507
1.84664e+08 -10.6761 0.693
1.86226e+08 -10.6947 0.882
1.87802e+08 -10.731 1.073
1.89391e+08 -10.7354 1.261
1.90994e+08 -10.7599 1.464
1.9261e+08 -10.7575 1.657
1.9424e+08 -10.7841 1.851
1.95883e+08 -10.765 2.056
1.97541e+08 -10.7825 2.259
1.99212e+08 -10.7741 2.462
2.00898e+08 -10.7994 2.667
2.02598e+08 -10.7941 2.871
2.04312e+08 -10.8155 3.081
2.06041e+08 -10.8421 -2.993
2.07784e+08 -10.8392 -2.777
2.09543e+08 -10.8375 -2.572
2.11316e+08 -10.8263 -2.355
2.13104e+08 -10.8724 -2.137
2.14907e+08 -10.8542 -1.911
2.16725e+08 -10.845 -1.697
2.18559e+08 -10.8908 -1.476
2.20409e+08 -10.8894 -1.249
2.22274e+08 -10.9036 -1.020
2.24155e+08 -10.931 -0.798
2.26051e+08 -10.9229 -0.562
2.27964e+08 -10.957 -0.335
2.29893e+08 -11.0567 -0.102
2.31838e+08 -11.0136 0.139
2.338e+08 -11.0423 0.367
2.35778e+08 -11.0291 0.610
2.37773e+08 -11.0448 0.847
2.39785e+08 -11.043 1.095
2.41814e+08 -11.0547 1.337
2.4386e+08 -11.0635 1.590
2.45924e+08 -11.0668 1.844
2.48005e+08 -11.0787 2.091
2.50103e+08 -11.0731 2.346
2.5222e+08 -11.1029 2.605
2.54354e+08 -11.1195 2.855
2.56506e+08 -11.1112 3.115
2.58677e+08 -11.1406 -2.894
2.60865e+08 -11.0838 -2.619
2.63073e+08 -11.02 -2.364
2.65299e+08 -11.0262 -2.092
2.67544e+08 -11.0881 -1.816
2.69808e+08 -11.1413 -1.543
2.72091e+08 -11.1651 -1.263
2.74393e+08 -11.1884 -0.977
2.76715e+08 -11.2088 -0.690
2.79056e+08 -11.2219 -0.403
2.81418e+08 -11.2432 -0.112
2.83799e+08 -11.2741 0.169
2.862e+08 -11.2603 0.461
2.88622e+08 -11.2839 0.755
2.91064e+08 -11.2912 1.058
2.93527e+08 -11.2932 1.359
2.96011e+08 -11.2814 1.661
2.98515e+08 -11.2833 1.957
3.01041e+08 -11.3445 2.275
3.03589e+08 -11.3287 2.575
3.06158e+08 -11.36 2.894
3.08748e+08 -11.3788 -3.078
3.11361e+08 -11.3868 -2.749
3.13995e+08 -11.4004 -2.432
3.16652e+08 -11.4286 -2.115
3.19332e+08 -11.4532 -1.785
3.22034e+08 -11.4852 -1.457
3.24759e+08 -11.4857 -1.128
3.27507e+08 -11.5041 -0.791
3.30278e+08 -11.5326 -0.448
3.33073e+08 -11.5446 -0.119
3.35891e+08 -11.5416 0.225
3.38733e+08 -11.5416 0.566
3.41599e+08 -11.5424 0.919
3.4449e+08 -11.5504 1.275
3.47405e+08 -11.5384 1.636
3.50345e+08 -11.5404 1.982
3.53309e+08 -11.5994 2.355
3.56299e+08 -11.6614 2.734
3.59313e+08 -11.6318 3.107
3.62354e+08 -11.6227 -2.815
3.6542e+08 -11.6239 -2.436
3.68512e+08 -11.6056 -2.069
3.7163e+08 -11.6101 -1.682
3.74775e+08 -11.6007 -1.286
3.77946e+08 -11.6128 -0.893
3.81144e+08 -11.6132 -0.501
3.84369e+08 -11.6114 -0.106
3.87622e+08 -11.584 0.296
3.90902e+08 -11.5838 0.684
3.94209e+08 -11.6079 1.075
3.97545e+08 -11.6076 1.467
4.00909e+08 -11.6034 1.876
4.04301e+08 -11.6872 2.293
4.07722e+08 -11.7345 2.701
4.11172e+08 -11.8278 3.118
4.14651e+08 -11.864 -2.740
4.1816e+08 -11.9156 -2.326
4.21698e+08 -11.9807 -1.893
4.25267e+08 -12.0296 -1.466
4.28865e+08 -12.1204 -1.031
4.32494e+08 -12.1799 -0.595
4.36154e+08 -12.2647 -0.155
4.39844e+08 -12.3429 0.291
4.43566e+08 -12.4168 0.752
4.47319e+08 -12.4503 1.198
4.51104e+08 -12.5201 1.665
4.54922e+08 -12.5512 2.132
4.58771e+08 -12.6614 2.594
4.62653e+08 -12.6913 3.065
4.66568e+08 -12.7581 -2.731
4.70516e+08 -12.8548 -2.265
4.74497e+08 -12.9848 -1.767
4.78512e+08 -13.1765 -1.259
4.82561e+08 -13.3287 -0.758
4.86644e+08 -13.488 -0.264
4.90762e+08 -13.5814 0.262
4.94915e+08 -13.6407 0.781
4.99103e+08 -13.6531 1.310
5.03326e+08 -13.6532 1.828
5.07585e+08 -13.6471 2.351
5.1188e+08 -13.6466 2.885
5.16211e+08 -13.6692 -2.852
5.20579e+08 -13.6073 -2.309
5.24984e+08 -13.5462 -1.773
5.29426e+08 -13.538 -1.233
5.33906e+08 -13.498 -0.693
5.38424e+08 -13.4374 -0.130
5.4298e+08 -13.4364 0.434
5.47574e+08 -13.364 1.000
5.52208e+08 -13.3341 1.578
5.5688e+08 -13.2596 2.132
5.61593e+08 -13.2422 2.702
5.66345e+08 -13.2025 -2.993
5.71137e+08 -13.2065 -2.419
5.7597e+08 -13.1825 -1.835
5.80843e+08 -13.228 -1.239
5.85758e+08 -13.2209 -0.631
5.90715e+08 -13.2729 -0.019
5.95713e+08 -13.2491 0.593
6.00754e+08 -13.2813 1.214
6.05837e+08 -13.308 1.817
6.10964e+08 -13.2919 2.430
6.16133e+08 -13.3304 3.062
6.21347e+08 -13.3455 -2.577
6.26604e+08 -13.3127 -1.932
6.31907e+08 -13.2461 -1.292
6.37254e+08 -13.2062 -0.640
6.42646e+08 -13.2596 0.003
6.48084e+08 -13.2625 0.663
6.53567e+08 -13.2617 1.345
6.59098e+08 -13.2227 1.992
6.64675e+08 -13.1971 2.645
6.70299e+08 -13.1441 -2.977
6.75971e+08 -13.1415 -2.288
6.81691e+08 -13.093 -1.609
6.87459e+08 -12.9721 -0.926
6.93276e+08 -12.8793 -0.247
6.99142e+08 -12.84 0.447
7.05058e+08 -12.8002 1.131
7.11024e+08 -12.803 1.821
7.17041e+08 -12.8605 2.496
7.23108e+08 -12.8719 -3.041
7.29227e+08 -12.8895 -2.339
7.35397e+08 -12.9428 -1.617
7.4162e+08 -12.9134 -0.877
7.47895e+08 -13.0201 -0.139
7.54224e+08 -13.1483 0.602
7.60606e+08 -13.345 1.362
7.67042e+08 -13.4839 2.122
7.73532e+08 -13.6345 2.873
7.80077e+08 -13.798 -2.629
7.86678e+08 -14.0068 -1.838
7.93335e+08 -14.2176 -1.014
8.00048e+08 -14.4439 -0.184
8.06817e+08 -14.6294 0.653
8.13644e+08 -14.8708 1.497
8.20529e+08 -15.0706 2.348
8.27472e+08 -15.1743 -3.076
8.34474e+08 -15.3795 -2.210
8.41535e+08 -15.4944 -1.351
8.48656e+08 -15.5912 -0.458
8.55837e+08 -15.6518 0.452
8.63079e+08 -15.6937 1.346
8.70382e+08 -15.7756 2.210
8.77747e+08 -15.9232 3.109
8.85174e+08 -16.1442 -2.242
8.92664e+08 -16.3251 -1.308
9.00217e+08 -16.53 -0.374
9.07835e+08 -16.6734 0.570
9.15516e+08 -16.8021 1.527
9.23263e+08 -16.9372 2.490
9.31076e+08 -17.0715 -2.820
9.38954e+08 -17.2873 -1.823
9.46899e+08 -17.4063 -0.822
9.54912e+08 -17.4764 0.168
9.62992e+08 -17.4154 1.155
9.7114e+08 -17.2608 2.150
9.79358e+08 -17.3978 -3.118
9.87645e+08 -17.407 -2.084
9.96002e+08 -17.2894 -1.116
1.00443e+09 -17.2033 -0.106
1.01293e+09 -17.2365 0.868
1.0215e+09 -17.3636 1.881
1.03014e+09 -17.5831 2.951
1.03886e+09 -17.6663 -2.222
1.04765e+09 -17.6557 -1.114
1.05652e+09 -17.5117 -0.044
1.06546e+09 -17.3363 1.072
1.07447e+09 -17.1749 2.119
1.08356e+09 -17.0095 -3.068
1.09273e+09 -16.9336 -2.019
1.10198e+09 -16.9726 -0.902
1.1113e+09 -17.1702 0.189
1.12071e+09 -17.5902 1.328
1.13019e+09 -17.8153 2.573
1.13975e+09 -17.7707 -2.478
1.1494e+09 -17.8125 -1.295
1.15912e+09 -17.9835 -0.128
1.16893e+09 -18.3278 1.080
1.17882e+09 -18.737 2.299
1.1888e+09 -18.9273 -2.778
1.19886e+09 -19.0225 -1.549
1.209e+09 -19.1222 -0.314
1.21923e+09 -19.243 0.943
1.22955e+09 -19.2133 2.170
1.23995e+09 -19.3405 -2.861
1.25044e+09 -19.4443 -1.616
1.26102e+09 -19.6196 -0.351
1.27169e+09 -19.7083 0.962
1.28245e+09 -19.7767 2.261
1.29331e+09 -19.9343 -2.748
1.30425e+09 -20.1104 -1.394
1.31529e+09 -20.1874 -0.051
1.32642e+09 -20.2655 1.316
1.33764e+09 -20.5059 2.688
1.34896e+09 -20.7881 -2.184
1.36037e+09 -21.1456 -0.745
1.37188e+09 -21.4203 0.687
1.38349e+09 -21.8642 2.181
1.3952e+09 -22.122 -2.580
1.407e+09 -22.4024 -1.085
1.41891e+09 -22.4997 0.466
1.43092e+09 -22.7041 1.958
1.44302e+09 -22.8825 -2.769
1.45523e+09 -23.0158 -1.261
1.46755e+09 -23.3682 0.311
1.47997e+09 -23.4435 1.849
1.49249e+09 -23.6275 -2.839
1.50512e+09 -23.8398 -1.240
1.51785e+09 -23.8333 0.372
1.5307e+09 -23.9872 1.947
1.54365e+09 -24.2269 -2.689
1.55671e+09 -24.33 -1.057
1.56988e+09 -24.4161 0.488
1.58317e+09 -24.6019 2.053
1.59656e+09 -25.1008 -2.760
1.61007e+09 -25.4208 -1.102
1.6237e+09 -25.9343 0.584
1.63744e+09 -26.4177 2.200
1.65129e+09 -26.8474 2.693
1.66526e+09 -27.4286 -1.975
1.67935e+09 -27.5131 -0.086
1.69357e+09 -27.89 1.606
1.7079e+09 -28.1173 -3.028
1.72235e+09 -28.3318 -1.244
1.73692e+09 -28.8305 0.559
1.75162e+09 -29.304 2.384
1.76644e+09 -29.4541 -2.072
1.78139e+09 -29.9481 -0.270
1.79646e+09 -30.0842 1.547
1.81166e+09 -30.4083 -2.823
1.82699e+09 -30.792 -0.872
1.84245e+09 -30.6305 1.106
1.85804e+09 -30.5717 3.111
1.87376e+09 -30.9459 -1.112
1.88962e+09 -31.0109 0.892
1.90561e+09 -31.2984 2.975
1.92173e+09 -31.0314 -1.311
1.93799e+09 -31.354 0.710
1.95439e+09 -31.7508 2.687
1.97093e+09 -32.0154 -1.582
1.98761e+09 -32.708 0.275
2.00442e+09 -32.9893 2.302
2.02139e+09 -33.1946 -1.901
2.03849e+09 -32.9358 0.265
2.05574e+09 -32.8714 2.415
2.07313e+09 -33.0359 -1.663
2.09068e+09 -33.1816 0.580
2.10837e+09 -33.4041 2.729
2.12621e+09 -33.5512 -1.305
2.1442e+09 -34.3839 1.010
2.16234e+09 -34.6868 -2.936
2.18064e+09 -34.7743 -0.476
2.19909e+09 -35.1674 1.887
2.2177e+09 -35.3707 -2.274
2.23646e+09 -35.6726 -0.016
2.25539e+09 -35.8654 2.244
2.27447e+09 -36.509 -1.815
2.29372e+09 -37.203 0.439
2.31313e+09 -37.2054 2.932
2.3327e+09 -36.0522 -1.025
2.35244e+09 -35.8811 1.338
2.37234e+09 -36.4739 -2.577
2.39242e+09 -38.0362 -0.137
2.41266e+09 -39.7739 2.300
2.43308e+09 -39.7524 -1.195
2.45366e+09 -41.806 1.494
2.47443e+09 -42.0653 -2.142
2.49536e+09 -40.4951 0.565
2.51648e+09 -40.9274 2.974
2.53777e+09 -40.6238 -0.709
2.55925e+09 -42.09 1.980
2.5809e+09 -42.7171 -1.626
2.60274e+09 -41.5599 1.331
2.62476e+09 -39.8768 -2.410
2.64697e+09 -39.5166 0.280
2.66937e+09 -40.1264 2.886
2.69196e+09 -40.3701 -0.699
2.71474e+09 -41.1284 2.116
2.73771e+09 -40.0637 -1.431
2.76087e+09 -38.5529 1.303
2.78424e+09 -38.507 -2.274
2.8078e+09 -38.5975 0.548
2.83155e+09 -40.4164 -2.753
2.85551e+09 -40.0246 0.307
2.87968e+09 -38.3919 -2.993
2.90404e+09 -37.1471 -0.016
2.92862e+09 -37.1769 2.944
2.9534e+09 -39.0026 -0.404
2.97839e+09 -41.408 2.997
3.00359e+09 -41.0897 0.214
3.02901e+09 -41.1162 -3.041
3.05464e+09 -41.9858 0.127
3.08048e+09 -41.7194 -2.687
3.10655e+09 -41.8055 0.866
3.13284e+09 -39.7863 -1.867
3.15934e+09 -36.7439 1.528
3.18608e+09 -35.4716 -1.530
3.21304e+09 -35.2502 1.817
3.24022e+09 -35.6389 -0.929
3.26764e+09 -35.1779 2.737
3.29529e+09 -34.1323 -0.312
3.32318e+09 -33.6657 2.968
3.3513e+09 -34.3148 -0.055
3.37965e+09 -36.0657 -2.704
3.40825e+09 -35.49 1.186
3.43709e+09 -35.0953 -1.393
3.46617e+09 -35.8651 2.233
3.4955e+09 -36.9289 -0.335
3.52508e+09 -37.1808 -2.602
3.55491e+09 -36.5629 1.169
3.58499e+09 -37.039 -1.564
3.61532e+09 -39.2577 2.250
3.64592e+09 -41.1183 0.233
3.67677e+09 -40.9955 -1.814
3.70788e+09 -40.8578 2.159
3.73925e+09 -41.7143 -0.116
3.77089e+09 -41.4157 -2.251
3.8028e+09 -39.3169 2.121
3.83498e+09 -38.065 0.069
3.86743e+09 -37.3675 -2.264
3.90015e+09 -38.1286 1.893
3.93316e+09 -39.2601 -0.058
3.96644e+09 -38.9558 -1.898
4e+09 -38.6234 2.494
# failures 0, mismatches 0
